"JSDu, surgical_case_durations NO_ADDED_NOISE    sigma    0",0.0,0.0,0.0
"JSDu, LBP RA NO_ADDED_NOISE    sigma    0",0.0,0.0,0.0
"JSDu, surgical_case_durations NO_ADDED_NOISE SD=4    sigma    0",0.0,0.0,0.0
"JSDu, LBP RA NO_ADDED_NOISE SD=4    sigma    0",0.0,0.0,0.0
"JSDu, surgical_case_durations NO_ADDED_NOISE SD=100    sigma    0",0.0,0.0,0.0
"JSDu, LBP RA NO_ADDED_NOISE SD=100    sigma    0",0.0,0.0,0.0
"Wassersteinu, surgical_case_durations NO_ADDED_NOISE    sigma    0",0.0,0.0,0.0
"Wassersteinu, LBP RA NO_ADDED_NOISE    sigma    0",0.0,0.0,0.0
"Wassersteinu, surgical_case_durations NO_ADDED_NOISE SD=4    sigma    0",0.0,0.0,0.0
"Wassersteinu, LBP RA NO_ADDED_NOISE SD=4    sigma    0",0.0,0.0,0.0
"Wassersteinu, surgical_case_durations NO_ADDED_NOISE SD=100    sigma    0",0.0,0.0,0.0
"Wassersteinu, LBP RA NO_ADDED_NOISE SD=100    sigma    0",0.0,0.0,0.0
"JSD, surgical_case_durations    sigma    0.005",5504.298047704117,5513.858605703412,5502.622858251241
"JSD, surgical_case_durations    sigma    0.01",10816.958486642894,10751.993788426662,10752.556456106213
"JSD, surgical_case_durations    sigma    0.02",20194.460277220463,20122.114566057888,20113.53065506975
"JSD, surgical_case_durations    sigma    0.05",33707.07053555571,33746.291852630646,33626.131836567416
"JSD, surgical_case_durations    sigma    0.1",41970.07412771756,41922.744884057836,41804.25043400292
"JSD, surgical_case_durations    sigma    0.2",47476.162819686506,47587.40836345377,47449.18052521442
"JSD, surgical_case_durations    missing_entry    0.001",48.62409616709569,46.39248091415793,50.487414732748945
"JSD, surgical_case_durations    missing_entry    0.005",247.5442602969688,247.803426831093,248.45783756888233
"JSD, surgical_case_durations    missing_entry    0.01",509.0628100810783,477.2506514293702,489.01197453526635
"JSD, surgical_case_durations    missing_entry    0.05",2468.8755560656045,2405.790016656453,2424.604380575591
"JSD, surgical_case_durations    missing_entry    0.1",4934.5967110547945,4903.560285105942,4885.972174040874
"JSD, surgical_case_durations    missing_entry    0.5",24422.37016449496,24292.5286748552,24458.664725845687
"JSD, surgical_case_durations    missing_entry_combined    0.001",20076.491626920164,20115.045708140155,20237.81060414488
"JSD, surgical_case_durations    missing_entry_combined    0.005",20301.66156565686,20318.763138976894,20293.032494985935
"JSD, surgical_case_durations    missing_entry_combined    0.01",20383.352387852185,20387.586219443223,20372.24524050682
"JSD, surgical_case_durations    missing_entry_combined    0.05",21548.334107552142,21575.73388259012,21666.483501737086
"JSD, surgical_case_durations    missing_entry_combined    0.1",23021.541100192186,22915.469362951695,22971.255968564474
"JSD, surgical_case_durations    missing_entry_combined    0.5",34475.664041041455,34387.135689931594,34450.380733028105
"JSDu, surgical_case_durations    sigma    0.005",5496.754126776912,5508.285597702837,5497.804837849514
"JSDu, surgical_case_durations    sigma    0.01",10792.756853649193,10808.046530572841,10812.892975335826
"JSDu, surgical_case_durations    sigma    0.02",20115.359716095765,20144.820875508023,20097.941744390144
"JSDu, surgical_case_durations    sigma    0.05",33639.624525470346,33782.628883632104,33655.11385982983
"JSDu, surgical_case_durations    sigma    0.1",41806.73908945413,41918.751402828624,41954.87277256139
"JSDu, surgical_case_durations    sigma    0.2",47444.63849248884,47554.11673111088,47494.04370724977
"JSDu, surgical_case_durations    missing_entry    0.001",47.40009518065577,47.14811923082695,46.44864143526159
"JSDu, surgical_case_durations    missing_entry    0.005",247.15720417792434,229.15249625123084,243.8596326009827
"JSDu, surgical_case_durations    missing_entry    0.01",491.5161379783255,492.4773395678843,488.6324493326822
"JSDu, surgical_case_durations    missing_entry    0.05",2455.578957272273,2437.5724780067153,2428.690349290571
"JSDu, surgical_case_durations    missing_entry    0.1",4853.915271545322,4881.76033460162,4839.281084543162
"JSDu, surgical_case_durations    missing_entry    0.5",24440.842973687595,24341.2030710523,24398.4114337037
"JSDu, surgical_case_durations    missing_entry_combined    0.001",20145.142426988124,20189.021059669918,20127.857354285195
"JSDu, surgical_case_durations    missing_entry_combined    0.005",20274.3909614483,20233.135002240575,20298.02744186309
"JSDu, surgical_case_durations    missing_entry_combined    0.01",20405.764612479194,20449.387756069154,20392.958766191656
"JSDu, surgical_case_durations    missing_entry_combined    0.05",21545.11866601978,21589.655862829346,21603.01152128507
"JSDu, surgical_case_durations    missing_entry_combined    0.1",23016.564916875515,22989.082955921473,22997.418474155587
"JSDu, surgical_case_durations    missing_entry_combined    0.5",34482.27702935305,34451.421652446756,34451.67532707575
"JSD, LBP RA    sigma    0.005",2336.262016809545,2342.704852433714,2343.007704095999
"JSD, LBP RA    sigma    0.01",4629.971273266144,4605.732633695592,4675.761209658505
"JSD, LBP RA    sigma    0.02",8723.125344397286,8751.905864947359,8658.692682083047
"JSD, LBP RA    sigma    0.05",14701.926234593027,14795.846295431102,14689.52453220484
"JSD, LBP RA    sigma    0.1",18572.406549638352,18446.59722453829,18561.439749227306
"JSD, LBP RA    sigma    0.2",20551.413036064954,20599.320486570283,20635.65095044743
"JSD, LBP RA    missing_entry    0.001",20.40353322681427,22.66967148210693,17.391150030724766
"JSD, LBP RA    missing_entry    0.005",102.90301764082041,97.30074485551691,104.41893105829443
"JSD, LBP RA    missing_entry    0.01",195.76577419502783,197.49625887784893,201.962551486638
"JSD, LBP RA    missing_entry    0.05",983.0542779723926,983.9718156606496,995.0088898577876
"JSD, LBP RA    missing_entry    0.1",1971.4895794709312,1980.9392900499843,1984.5419106984893
"JSD, LBP RA    missing_entry    0.5",9864.077988216035,9892.09279015791,9905.911422548359
"JSD, LBP RA    missing_entry_combined    0.001",8747.446065708968,8769.154957634275,8693.88448429021
"JSD, LBP RA    missing_entry_combined    0.005",8729.966797785013,8724.419317427271,8820.628020280274
"JSD, LBP RA    missing_entry_combined    0.01",8772.249708979085,8787.139016424473,8763.328483137782
"JSD, LBP RA    missing_entry_combined    0.05",9288.522560828173,9301.239031776702,9246.88745598223
"JSD, LBP RA    missing_entry_combined    0.1",9832.86595682012,9809.222857015759,9758.082526900944
"JSD, LBP RA    missing_entry_combined    0.5",14203.278796398174,14229.83878317389,14262.290623391149
"JSDu, LBP RA    sigma    0.005",2347.790914438209,2338.9685337924643,2344.783452748396
"JSDu, LBP RA    sigma    0.01",4659.70361600667,4657.201996679327,4637.564666155776
"JSDu, LBP RA    sigma    0.02",8649.900300037663,8644.797572463342,8746.488920790815
"JSDu, LBP RA    sigma    0.05",14742.772682733934,14804.217953758765,14695.79615058782
"JSDu, LBP RA    sigma    0.1",18421.853228141663,18474.800240477376,18444.811972306194
"JSDu, LBP RA    sigma    0.2",20600.55405534615,20479.364784269317,20660.22434151243
"JSDu, LBP RA    missing_entry    0.001",20.494602796025486,19.006508770365535,19.225243098292466
"JSDu, LBP RA    missing_entry    0.005",102.60897338546488,97.76215214250759,96.26965087630813
"JSDu, LBP RA    missing_entry    0.01",200.3949028646838,193.47197149690766,194.605395608293
"JSDu, LBP RA    missing_entry    0.05",989.5952237454027,984.3401337189433,970.3070742917236
"JSDu, LBP RA    missing_entry    0.1",1971.8027685672953,1969.7538154335614,1950.5238398617023
"JSDu, LBP RA    missing_entry    0.5",9817.228021364877,9867.326738613474,9890.339845310451
"JSDu, LBP RA    missing_entry_combined    0.001",8678.301164816741,8667.564046772011,8680.198685728621
"JSDu, LBP RA    missing_entry_combined    0.005",8782.589808492636,8757.978520134844,8682.485830414113
"JSDu, LBP RA    missing_entry_combined    0.01",8815.301189650574,8837.134140660308,8778.405634988778
"JSDu, LBP RA    missing_entry_combined    0.05",9337.542696865961,9252.2413741036,9267.368158832967
"JSDu, LBP RA    missing_entry_combined    0.1",9755.872348051696,9762.949867349314,9773.569080595167
"JSDu, LBP RA    missing_entry_combined    0.5",14228.957786579727,14200.638458629277,14210.726773307393
"JSD, surgical_case_durations, SD=4    sigma    0.005",5131.201987638955,5123.219625061969,5118.103014614509
"JSD, surgical_case_durations, SD=4    sigma    0.01",10237.418745914782,10210.623415412823,10198.977755870555
"JSD, surgical_case_durations, SD=4    sigma    0.02",19897.290397487777,19838.034138648214,19787.127288829724
"JSD, surgical_case_durations, SD=4    sigma    0.05",33658.268865187434,33666.74512124104,33884.2023915597
"JSD, surgical_case_durations, SD=4    sigma    0.1",40612.10547199265,40626.75862373547,40691.23120163363
"JSD, surgical_case_durations, SD=4    sigma    0.2",44446.81721590245,44531.838633663276,44463.16137115309
"JSD, surgical_case_durations, SD=4    missing_entry    0.001",42.35840655898066,43.27355593093554,39.53316753414992
"JSD, surgical_case_durations, SD=4    missing_entry    0.005",202.82182578154575,204.4205923519947,205.85807659638363
"JSD, surgical_case_durations, SD=4    missing_entry    0.01",398.91774237611594,418.10763531156397,410.1198182196322
"JSD, surgical_case_durations, SD=4    missing_entry    0.05",2078.5662985246904,2058.770140570737,2041.2196118423915
"JSD, surgical_case_durations, SD=4    missing_entry    0.1",4084.3640753694285,4098.746109862108,4096.399551963738
"JSD, surgical_case_durations, SD=4    missing_entry    0.5",20480.068312289717,20488.323431144217,20504.090533622806
"JSD, surgical_case_durations, SD=4    missing_entry_combined    0.001",19817.8055086913,19921.226524331327,19783.531215332543
"JSD, surgical_case_durations, SD=4    missing_entry_combined    0.005",19843.76951303648,19886.593871940513,19929.141560563665
"JSD, surgical_case_durations, SD=4    missing_entry_combined    0.01",20014.439859185455,20061.98484665782,20015.026327161377
"JSD, surgical_case_durations, SD=4    missing_entry_combined    0.05",20936.78651657524,20881.815354126153,20937.111438306798
"JSD, surgical_case_durations, SD=4    missing_entry_combined    0.1",21996.31378911494,21905.329166778585,21911.495645139225
"JSD, surgical_case_durations, SD=4    missing_entry_combined    0.5",30341.536237065113,30426.403429928825,30322.557243777628
"JSDu, surgical_case_durations, SD=4    sigma    0.005",5131.458426407946,5114.343455903934,5104.052254594021
"JSDu, surgical_case_durations, SD=4    sigma    0.01",10198.904026081658,10195.622769684142,10183.105623295149
"JSDu, surgical_case_durations, SD=4    sigma    0.02",19875.76850130756,19819.30319912707,19740.14482053323
"JSDu, surgical_case_durations, SD=4    sigma    0.05",33762.14428558106,33777.06695405008,33665.91999342506
"JSDu, surgical_case_durations, SD=4    sigma    0.1",40547.64205170414,40588.227610675705,40499.789718740234
"JSDu, surgical_case_durations, SD=4    sigma    0.2",44246.91823413712,44419.497872594,44495.06956563089
"JSDu, surgical_case_durations, SD=4    missing_entry    0.001",41.6675016814253,44.620088746160754,41.50653435430753
"JSDu, surgical_case_durations, SD=4    missing_entry    0.005",207.1398006700872,198.26597153995178,204.9657754997067
"JSDu, surgical_case_durations, SD=4    missing_entry    0.01",400.864367758228,415.6274571899979,408.9116906514698
"JSDu, surgical_case_durations, SD=4    missing_entry    0.05",2041.799547645192,2065.6344948878977,2054.276504375582
"JSDu, surgical_case_durations, SD=4    missing_entry    0.1",4115.544141199447,4110.931203616268,4090.0108817237046
"JSDu, surgical_case_durations, SD=4    missing_entry    0.5",20551.415539070662,20456.13395515466,20525.107831799887
"JSDu, surgical_case_durations, SD=4    missing_entry_combined    0.001",19940.397543314815,19820.388919030498,19799.708362354297
"JSDu, surgical_case_durations, SD=4    missing_entry_combined    0.005",19972.054045461846,19985.5168734422,19932.080366770446
"JSDu, surgical_case_durations, SD=4    missing_entry_combined    0.01",19977.305777731355,20091.457444295047,19987.453778196777
"JSDu, surgical_case_durations, SD=4    missing_entry_combined    0.05",20900.908836689854,20814.168393105756,20974.61173422568
"JSDu, surgical_case_durations, SD=4    missing_entry_combined    0.1",21894.328311811027,21947.68473476586,21988.54570352132
"JSDu, surgical_case_durations, SD=4    missing_entry_combined    0.5",30446.129483327262,30410.66370958185,30336.25585064514
"JSD, LBP RA, SD=4    sigma    0.005",2122.968375931579,2136.3112724229472,2113.321620965533
"JSD, LBP RA, SD=4    sigma    0.01",4327.40847018715,4313.863006777205,4334.9220737100895
"JSD, LBP RA, SD=4    sigma    0.02",8546.088279974712,8547.656054695215,8549.142099167899
"JSD, LBP RA, SD=4    sigma    0.05",14625.754135027793,14677.469517009153,14649.107279062348
"JSD, LBP RA, SD=4    sigma    0.1",17209.577960280698,17046.9077542129,17264.424175770382
"JSD, LBP RA, SD=4    sigma    0.2",18287.262630119927,18505.744997332302,18319.171668537627
"JSD, LBP RA, SD=4    missing_entry    0.001",16.05877240453938,14.134353581519546,16.697340664426147
"JSD, LBP RA, SD=4    missing_entry    0.005",78.11246924370386,78.3158256107822,79.40085402943778
"JSD, LBP RA, SD=4    missing_entry    0.01",160.75111287726384,156.21115599884655,158.7867246764512
"JSD, LBP RA, SD=4    missing_entry    0.05",804.6095819424683,804.7430040094897,801.7085707724458
"JSD, LBP RA, SD=4    missing_entry    0.1",1595.3628131851137,1599.1007252960528,1593.087833439433
"JSD, LBP RA, SD=4    missing_entry    0.5",7984.06794955894,7956.002511087258,8002.5173879031445
"JSD, LBP RA, SD=4    missing_entry_combined    0.001",8610.59896971627,8567.048097005956,8556.538636865811
"JSD, LBP RA, SD=4    missing_entry_combined    0.005",8648.862959905777,8632.670758703694,8657.039555908852
"JSD, LBP RA, SD=4    missing_entry_combined    0.01",8651.760848324477,8715.76644722077,8622.255110318707
"JSD, LBP RA, SD=4    missing_entry_combined    0.05",8970.622889960194,8904.284255615448,8891.633549992726
"JSD, LBP RA, SD=4    missing_entry_combined    0.1",9355.153378691453,9327.235364429322,9247.950183298139
"JSD, LBP RA, SD=4    missing_entry_combined    0.5",12289.285532345015,12284.474039306628,12282.83916583567
"JSDu, LBP RA, SD=4    sigma    0.005",2133.5830111601376,2112.497183309847,2124.2422788338463
"JSDu, LBP RA, SD=4    sigma    0.01",4295.952916578045,4304.636837246577,4304.327615093801
"JSDu, LBP RA, SD=4    sigma    0.02",8549.102592460064,8575.246875173345,8574.892715285989
"JSDu, LBP RA, SD=4    sigma    0.05",14696.826376152587,14520.903062797554,14678.247303023563
"JSDu, LBP RA, SD=4    sigma    0.1",17085.91635588214,17152.759253513697,17118.681243937786
"JSDu, LBP RA, SD=4    sigma    0.2",18236.833250283908,18414.387944041497,18445.94705513272
"JSDu, LBP RA, SD=4    missing_entry    0.001",15.715769390527905,16.975477823582377,15.453904183380653
"JSDu, LBP RA, SD=4    missing_entry    0.005",82.19956418941304,79.75003686420796,73.96686545792578
"JSDu, LBP RA, SD=4    missing_entry    0.01",152.03434163778817,158.90138532801583,155.40057438203627
"JSDu, LBP RA, SD=4    missing_entry    0.05",791.5899549895345,799.160699506838,797.8859200156378
"JSDu, LBP RA, SD=4    missing_entry    0.1",1587.6974598438717,1585.6758961317285,1599.2316578996265
"JSDu, LBP RA, SD=4    missing_entry    0.5",7974.762097069971,7994.872263583558,7981.865350660197
"JSDu, LBP RA, SD=4    missing_entry_combined    0.001",8586.520043847997,8612.562608784852,8580.081181629805
"JSDu, LBP RA, SD=4    missing_entry_combined    0.005",8567.24093894354,8564.460657900569,8602.267648786254
"JSDu, LBP RA, SD=4    missing_entry_combined    0.01",8573.71251166141,8679.842636875623,8626.390129768908
"JSDu, LBP RA, SD=4    missing_entry_combined    0.05",8935.145051561634,8957.801125251748,8900.829925929625
"JSDu, LBP RA, SD=4    missing_entry_combined    0.1",9304.613957090098,9276.865803809796,9262.940007132474
"JSDu, LBP RA, SD=4    missing_entry_combined    0.5",12301.788561515868,12316.706567909,12248.52350492763
"JSD, surgical_case_durations, SD=100    sigma    0.005",5669.639356559125,5661.436507656833,5655.783874846973
"JSD, surgical_case_durations, SD=100    sigma    0.01",11001.212563402829,11070.171586789,11000.520837184411
"JSD, surgical_case_durations, SD=100    sigma    0.02",20336.502631627918,20305.09605280179,20375.189088357907
"JSD, surgical_case_durations, SD=100    sigma    0.05",33628.16122575775,33530.774427339675,33590.4551984291
"JSD, surgical_case_durations, SD=100    sigma    0.1",42116.76005095001,42116.505434526334,42122.25261548798
"JSD, surgical_case_durations, SD=100    sigma    0.2",48280.49111775357,48336.58836922944,48311.753574261435
"JSD, surgical_case_durations, SD=100    missing_entry    0.001",54.53362512381412,54.60198544288176,55.71277631955283
"JSD, surgical_case_durations, SD=100    missing_entry    0.005",254.5215431023903,260.6091832854662,263.1779507637962
"JSD, surgical_case_durations, SD=100    missing_entry    0.01",515.8812565498445,528.4430485639352,507.06959478503654
"JSD, surgical_case_durations, SD=100    missing_entry    0.05",2622.6562080522754,2611.3708117794654,2596.693427409664
"JSD, surgical_case_durations, SD=100    missing_entry    0.1",5185.571019780919,5225.278403110349,5215.585771613869
"JSD, surgical_case_durations, SD=100    missing_entry    0.5",26087.975707880847,26118.883900071058,26169.415901226836
"JSD, surgical_case_durations, SD=100    missing_entry_combined    0.001",20387.006754951544,20307.97573510456,20379.18631004272
"JSD, surgical_case_durations, SD=100    missing_entry_combined    0.005",20460.11996949976,20468.321033437278,20390.21841430807
"JSD, surgical_case_durations, SD=100    missing_entry_combined    0.01",20658.543991536462,20638.415265297608,20612.915979346264
"JSD, surgical_case_durations, SD=100    missing_entry_combined    0.05",21822.452834398588,21990.03209733733,22026.596777698433
"JSD, surgical_case_durations, SD=100    missing_entry_combined    0.1",23545.769374745578,23511.280578247894,23398.24204178735
"JSD, surgical_case_durations, SD=100    missing_entry_combined    0.5",36258.616773615446,36258.810310769215,36294.45525103444
"JSDu, surgical_case_durations, SD=100    sigma    0.005",5646.855009552804,5648.967923112886,5649.3657706835775
"JSDu, surgical_case_durations, SD=100    sigma    0.01",11011.019820029744,11038.689128106025,10977.326493480516
"JSDu, surgical_case_durations, SD=100    sigma    0.02",20276.45504464465,20324.077246724366,20327.986227737973
"JSDu, surgical_case_durations, SD=100    sigma    0.05",33705.05481418432,33661.931204691806,33619.520962703275
"JSDu, surgical_case_durations, SD=100    sigma    0.1",42171.07739639468,42102.038104164916,42053.54924910293
"JSDu, surgical_case_durations, SD=100    sigma    0.2",48331.07620231782,48415.47238306342,48247.73605147725
"JSDu, surgical_case_durations, SD=100    missing_entry    0.001",52.229594192905,50.40905319206279,52.03275662855354
"JSDu, surgical_case_durations, SD=100    missing_entry    0.005",267.34560048388,267.93041690735004,258.39182792359566
"JSDu, surgical_case_durations, SD=100    missing_entry    0.01",525.9967831947199,512.3527241636223,533.8923498552563
"JSDu, surgical_case_durations, SD=100    missing_entry    0.05",2605.0893421242085,2623.835983574508,2626.611031999306
"JSDu, surgical_case_durations, SD=100    missing_entry    0.1",5217.806887285218,5215.68727265743,5227.152457381133
"JSDu, surgical_case_durations, SD=100    missing_entry    0.5",26088.05325149739,26099.123020755735,26196.241624206312
"JSDu, surgical_case_durations, SD=100    missing_entry_combined    0.001",20287.06926835872,20375.026517401882,20303.801751745414
"JSDu, surgical_case_durations, SD=100    missing_entry_combined    0.005",20551.16282124542,20460.319722083397,20421.836482256276
"JSDu, surgical_case_durations, SD=100    missing_entry_combined    0.01",20713.21276539713,20720.866392251268,20667.25003945422
"JSDu, surgical_case_durations, SD=100    missing_entry_combined    0.05",21929.326695013475,21865.17231493593,21834.735756781687
"JSDu, surgical_case_durations, SD=100    missing_entry_combined    0.1",23553.835733882926,23524.905982760552,23439.22888605466
"JSDu, surgical_case_durations, SD=100    missing_entry_combined    0.5",36224.241375157995,36299.640847912844,36248.13622019288
"JSD, LBP RA, SD=100    sigma    0.005",2457.8479463873728,2467.0648993040045,2450.506092388448
"JSD, LBP RA, SD=100    sigma    0.01",4812.342498208276,4781.836075110729,4803.3304157748735
"JSD, LBP RA, SD=100    sigma    0.02",8869.130482194716,8924.26040397598,8906.523087316424
"JSD, LBP RA, SD=100    sigma    0.05",14567.869235900078,14527.283898973283,14490.074192394502
"JSD, LBP RA, SD=100    sigma    0.1",18040.487622265216,18016.416060172178,18072.90413104988
"JSD, LBP RA, SD=100    sigma    0.2",20792.93142045774,20773.60994747724,20732.753986359156
"JSD, LBP RA, SD=100    missing_entry    0.001",20.999589519227364,19.695983354718702,25.732780136419407
"JSD, LBP RA, SD=100    missing_entry    0.005",108.2089543029671,111.46265784738848,116.65818503143717
"JSD, LBP RA, SD=100    missing_entry    0.01",227.66538592119383,221.65566905438828,230.33887972516843
"JSD, LBP RA, SD=100    missing_entry    0.05",1136.6106957562943,1137.9311430074733,1135.9126128422572
"JSD, LBP RA, SD=100    missing_entry    0.1",2287.291582439222,2265.6014733193315,2316.665432069148
"JSD, LBP RA, SD=100    missing_entry    0.5",11382.519140166738,11373.753010830338,11402.38401366251
"JSD, LBP RA, SD=100    missing_entry_combined    0.001",8911.014464540236,8909.595806585854,8877.87444444846
"JSD, LBP RA, SD=100    missing_entry_combined    0.005",8947.383308320961,8957.098882700937,8930.28531707727
"JSD, LBP RA, SD=100    missing_entry_combined    0.01",9026.552522271108,8990.670611199555,9046.888691743197
"JSD, LBP RA, SD=100    missing_entry_combined    0.05",9660.05081191565,9612.850736319662,9564.665804763861
"JSD, LBP RA, SD=100    missing_entry_combined    0.1",10270.98275113423,10316.952287546112,10268.818319121758
"JSD, LBP RA, SD=100    missing_entry_combined    0.5",15871.843865007702,15870.394075681326,15899.120594173834
"JSDu, LBP RA, SD=100    sigma    0.005",2462.1415090020164,2470.4394300843383,2444.0983036970097
"JSDu, LBP RA, SD=100    sigma    0.01",4812.3333518158215,4827.3705859075035,4820.525113173819
"JSDu, LBP RA, SD=100    sigma    0.02",8865.202916115535,8833.760631040012,8929.101908708242
"JSDu, LBP RA, SD=100    sigma    0.05",14533.738799636185,14544.270895520665,14568.443057593522
"JSDu, LBP RA, SD=100    sigma    0.1",17982.559464742488,18076.61209898006,18016.286630245722
"JSDu, LBP RA, SD=100    sigma    0.2",20751.847091250547,20769.466050092113,20702.020968003493
"JSDu, LBP RA, SD=100    missing_entry    0.001",22.959519544998393,21.035100721978562,20.8015843528542
"JSDu, LBP RA, SD=100    missing_entry    0.005",117.92479634382802,116.89303472929925,113.26920349681819
"JSDu, LBP RA, SD=100    missing_entry    0.01",239.5913113558269,225.33445482815654,216.21854321705717
"JSDu, LBP RA, SD=100    missing_entry    0.05",1130.19648909823,1132.9608923608207,1143.509119988888
"JSDu, LBP RA, SD=100    missing_entry    0.1",2289.881069663917,2300.718365649106,2298.845483127121
"JSDu, LBP RA, SD=100    missing_entry    0.5",11425.552314058645,11461.885861945026,11393.108069027037
"JSDu, LBP RA, SD=100    missing_entry_combined    0.001",8843.408371912596,8960.286525511754,8902.623933326508
"JSDu, LBP RA, SD=100    missing_entry_combined    0.005",8962.863411088729,8937.049429872379,8943.653594467023
"JSDu, LBP RA, SD=100    missing_entry_combined    0.01",9005.404881025186,8983.650381038076,9001.023003176231
"JSDu, LBP RA, SD=100    missing_entry_combined    0.05",9541.271907376793,9598.950713067143,9661.050611522302
"JSDu, LBP RA, SD=100    missing_entry_combined    0.1",10289.045751032563,10338.316570117588,10248.459105054035
"JSDu, LBP RA, SD=100    missing_entry_combined    0.5",15820.812098634025,15907.10996894579,15845.268027671264
"Wasserstein, surgical_case_durations    sigma    0.005",5490.677606636627,5510.190139552598,5514.177971891134
"Wasserstein, surgical_case_durations    sigma    0.01",10811.83103975008,10786.980561978471,10763.917663239079
"Wasserstein, surgical_case_durations    sigma    0.02",20105.59397708098,20109.63615997858,20174.346688705744
"Wasserstein, surgical_case_durations    sigma    0.05",33670.21990363581,33757.47378168636,33597.520831726855
"Wasserstein, surgical_case_durations    sigma    0.1",41967.56279234657,41811.90953096347,41910.99734635671
"Wasserstein, surgical_case_durations    sigma    0.2",47516.2652601893,47455.586138476494,47493.58722303479
"Wasserstein, surgical_case_durations    missing_entry    0.001",49.449029161697325,44.3764585607725,41.59453803174228
"Wasserstein, surgical_case_durations    missing_entry    0.005",251.5309640688318,252.5611781788061,233.95196449325056
"Wasserstein, surgical_case_durations    missing_entry    0.01",487.8423790809613,488.3237624001005,486.1018698865465
"Wasserstein, surgical_case_durations    missing_entry    0.05",2421.485348018869,2428.4048746673566,2441.1764318871337
"Wasserstein, surgical_case_durations    missing_entry    0.1",4840.53913004895,4925.505710171855,4939.341106148262
"Wasserstein, surgical_case_durations    missing_entry    0.5",24417.42747296474,24371.625630101506,24359.116414493466
"Wasserstein, surgical_case_durations    missing_entry_combined    0.001",20119.756245892866,20226.9630401425,20110.216143154
"Wasserstein, surgical_case_durations    missing_entry_combined    0.005",20319.63983457664,20335.890849462176,20312.676926844648
"Wasserstein, surgical_case_durations    missing_entry_combined    0.01",20439.714952240603,20382.82243372304,20346.28132303472
"Wasserstein, surgical_case_durations    missing_entry_combined    0.05",21511.01706436759,21570.426455952842,21552.812233460416
"Wasserstein, surgical_case_durations    missing_entry_combined    0.1",23003.18709587922,23040.10562645973,23074.490675629608
"Wasserstein, surgical_case_durations    missing_entry_combined    0.5",34396.42110703211,34443.731301747874,34396.7072525469
"Wassersteinu, surgical_case_durations    sigma    0.005",5513.101974834062,5502.658138828831,5511.3791179744185
"Wassersteinu, surgical_case_durations    sigma    0.01",10781.57468438136,10788.177832233585,10823.461866364916
"Wassersteinu, surgical_case_durations    sigma    0.02",20091.384799549796,20161.712187021752,20106.005789746338
"Wassersteinu, surgical_case_durations    sigma    0.05",33720.01830169441,33847.68052032375,33825.209158684265
"Wassersteinu, surgical_case_durations    sigma    0.1",41910.97332649359,42006.03911217769,41809.43096836871
"Wassersteinu, surgical_case_durations    sigma    0.2",47576.338306465164,47497.54709037805,47553.07988842728
"Wassersteinu, surgical_case_durations    missing_entry    0.001",56.11540005339718,47.620265134176634,50.97954300038158
"Wassersteinu, surgical_case_durations    missing_entry    0.005",242.89123141977402,238.96807428707933,236.2333545918137
"Wassersteinu, surgical_case_durations    missing_entry    0.01",485.54087886976316,486.1727726328309,485.32812592704624
"Wassersteinu, surgical_case_durations    missing_entry    0.05",2453.8469534477913,2421.4641671988647,2460.0552239621
"Wassersteinu, surgical_case_durations    missing_entry    0.1",4889.954919167093,4855.638979126984,4877.500588857328
"Wassersteinu, surgical_case_durations    missing_entry    0.5",24391.87843846314,24298.23136803425,24402.91442842475
"Wassersteinu, surgical_case_durations    missing_entry_combined    0.001",20056.27562369779,20174.88015098819,20189.488674019107
"Wassersteinu, surgical_case_durations    missing_entry_combined    0.005",20331.585782776965,20316.397699554258,20226.863907582854
"Wassersteinu, surgical_case_durations    missing_entry_combined    0.01",20363.291456535262,20451.481536865384,20482.05316184029
"Wassersteinu, surgical_case_durations    missing_entry_combined    0.05",21599.317815317245,21485.571796505817,21633.17054194537
"Wassersteinu, surgical_case_durations    missing_entry_combined    0.1",22984.95980395537,23001.381166848594,22975.55420825632
"Wassersteinu, surgical_case_durations    missing_entry_combined    0.5",34418.09999804215,34504.57308037492,34494.82366734207
"Wasserstein, LBP RA    sigma    0.005",2358.6651822213375,2345.6842612452647,2343.2060072930017
"Wasserstein, LBP RA    sigma    0.01",4672.976570221738,4631.727297368391,4606.500992796182
"Wasserstein, LBP RA    sigma    0.02",8689.144938597381,8662.941806349505,8666.366606125459
"Wasserstein, LBP RA    sigma    0.05",14707.380444087528,14771.270407978753,14759.422521403743
"Wasserstein, LBP RA    sigma    0.1",18463.71774117104,18497.81495873387,18499.251221544026
"Wasserstein, LBP RA    sigma    0.2",20469.431253598006,20582.223244328343,20585.81739011637
"Wasserstein, LBP RA    missing_entry    0.001",17.712870129799278,21.156495913314142,19.13738517860716
"Wasserstein, LBP RA    missing_entry    0.005",98.6194057624668,101.22996188520167,88.60438078422536
"Wasserstein, LBP RA    missing_entry    0.01",192.88364218836293,198.0380512904589,197.23304088355337
"Wasserstein, LBP RA    missing_entry    0.05",978.7083165265021,987.5169653027928,990.0555646014656
"Wasserstein, LBP RA    missing_entry    0.1",1975.5437508774867,1965.9860682382232,1960.3248707662895
"Wasserstein, LBP RA    missing_entry    0.5",9831.785739704097,9868.76638164105,9887.40740811517
"Wasserstein, LBP RA    missing_entry_combined    0.001",8673.327382267324,8720.92244767549,8737.747390205888
"Wasserstein, LBP RA    missing_entry_combined    0.005",8732.216869583266,8699.384248690962,8700.352273961527
"Wasserstein, LBP RA    missing_entry_combined    0.01",8785.000081782686,8807.119952749214,8756.30467996367
"Wasserstein, LBP RA    missing_entry_combined    0.05",9181.322682255783,9231.702825443901,9233.405200864478
"Wasserstein, LBP RA    missing_entry_combined    0.1",9802.006844069916,9785.63019673853,9766.819245879185
"Wasserstein, LBP RA    missing_entry_combined    0.5",14204.866932639161,14193.896952130008,14166.11758749446
"Wassersteinu, LBP RA    sigma    0.005",2345.175032655863,2342.556870544411,2347.472481651609
"Wassersteinu, LBP RA    sigma    0.01",4667.114239293003,4641.232939129943,4632.825187483055
"Wassersteinu, LBP RA    sigma    0.02",8629.997610602626,8779.47343792575,8718.223104526047
"Wassersteinu, LBP RA    sigma    0.05",14849.428510916588,14776.868425471172,14836.521482269733
"Wassersteinu, LBP RA    sigma    0.1",18433.70504882979,18462.45376820152,18564.58939923739
"Wassersteinu, LBP RA    sigma    0.2",20503.995641667698,20630.256171169305,20670.111191047174
"Wassersteinu, LBP RA    missing_entry    0.001",18.76721365268717,19.100931741232614,18.61092085936422
"Wassersteinu, LBP RA    missing_entry    0.005",101.27708705933321,97.91959369798816,96.45437150601155
"Wassersteinu, LBP RA    missing_entry    0.01",194.39040698846873,197.59076638271654,199.9329651113971
"Wassersteinu, LBP RA    missing_entry    0.05",984.103626836484,984.2718087308458,993.9688702980815
"Wassersteinu, LBP RA    missing_entry    0.1",1970.964804980729,1941.2433910923917,1971.436540863354
"Wassersteinu, LBP RA    missing_entry    0.5",9835.36882572483,9850.811587489525,9891.791447932197
"Wassersteinu, LBP RA    missing_entry_combined    0.001",8636.086242506464,8754.451920366615,8694.467865067505
"Wassersteinu, LBP RA    missing_entry_combined    0.005",8712.683167949539,8710.308393673013,8722.831915007968
"Wassersteinu, LBP RA    missing_entry_combined    0.01",8880.450414739767,8843.017134616946,8878.937997657808
"Wassersteinu, LBP RA    missing_entry_combined    0.05",9204.555754859695,9192.953441892094,9229.275920952938
"Wassersteinu, LBP RA    missing_entry_combined    0.1",9783.41486549544,9714.922312715697,9875.515891585732
"Wassersteinu, LBP RA    missing_entry_combined    0.5",14155.401914617143,14273.526166700745,14179.115196905905
"Wasserstein, surgical_case_durations, SD=4    sigma    0.005",5111.316116022638,5117.83959836144,5117.367837035968
"Wasserstein, surgical_case_durations, SD=4    sigma    0.01",10162.522262780372,10188.425295333165,10209.778894941172
"Wasserstein, surgical_case_durations, SD=4    sigma    0.02",19798.302216866417,19834.246640190326,19916.87181460423
"Wasserstein, surgical_case_durations, SD=4    sigma    0.05",33743.66554337246,33833.90696018272,33696.12151594953
"Wasserstein, surgical_case_durations, SD=4    sigma    0.1",40489.84058591795,40730.52749323459,40584.01467221596
"Wasserstein, surgical_case_durations, SD=4    sigma    0.2",44397.36877464228,44452.19632092848,44341.622731478266
"Wasserstein, surgical_case_durations, SD=4    missing_entry    0.001",43.87305369752211,42.62623328644021,39.99427539183327
"Wasserstein, surgical_case_durations, SD=4    missing_entry    0.005",202.18631177742242,207.08930143508752,210.38364488165507
"Wasserstein, surgical_case_durations, SD=4    missing_entry    0.01",406.47949733403465,413.3893039938997,408.2863587894652
"Wasserstein, surgical_case_durations, SD=4    missing_entry    0.05",2059.497256661714,2044.948570351936,2050.914487396468
"Wasserstein, surgical_case_durations, SD=4    missing_entry    0.1",4093.039059838744,4092.698456832609,4105.712927359145
"Wasserstein, surgical_case_durations, SD=4    missing_entry    0.5",20479.652654002977,20446.34718595535,20497.92360337831
"Wasserstein, surgical_case_durations, SD=4    missing_entry_combined    0.001",19837.405294503853,19804.657340412938,19956.364643762627
"Wasserstein, surgical_case_durations, SD=4    missing_entry_combined    0.005",19839.44091126432,20008.29605108376,19920.133567397075
"Wasserstein, surgical_case_durations, SD=4    missing_entry_combined    0.01",19911.90955839414,20141.149883836253,20038.625977830554
"Wasserstein, surgical_case_durations, SD=4    missing_entry_combined    0.05",20859.61648959739,20831.321152518954,20898.715095719628
"Wasserstein, surgical_case_durations, SD=4    missing_entry_combined    0.1",21951.33797457161,21917.440990669285,21863.434782661632
"Wasserstein, surgical_case_durations, SD=4    missing_entry_combined    0.5",30375.042788585826,30412.562203904094,30333.70708749964
"Wassersteinu, surgical_case_durations, SD=4    sigma    0.005",5121.019027815353,5113.861500959584,5120.771671575582
"Wassersteinu, surgical_case_durations, SD=4    sigma    0.01",10176.568236100971,10188.670626901236,10249.574578357346
"Wassersteinu, surgical_case_durations, SD=4    sigma    0.02",19753.503440082302,19823.99744225715,19805.528229241296
"Wassersteinu, surgical_case_durations, SD=4    sigma    0.05",33848.06491051574,33886.99787192136,33931.47333573747
"Wassersteinu, surgical_case_durations, SD=4    sigma    0.1",40601.946931793296,40572.71125652511,40646.28422789787
"Wassersteinu, surgical_case_durations, SD=4    sigma    0.2",44309.20779109358,44412.35643800313,44477.5532106147
"Wassersteinu, surgical_case_durations, SD=4    missing_entry    0.001",42.15568248758633,41.043418501914665,42.249064160277136
"Wassersteinu, surgical_case_durations, SD=4    missing_entry    0.005",206.38968527837096,209.43278620665538,201.31573785618892
"Wassersteinu, surgical_case_durations, SD=4    missing_entry    0.01",418.0333816400095,411.6617429308093,408.8924344801934
"Wassersteinu, surgical_case_durations, SD=4    missing_entry    0.05",2054.5332564450646,2068.9127025768876,2024.1391056105479
"Wassersteinu, surgical_case_durations, SD=4    missing_entry    0.1",4139.908845663854,4122.9211943088185,4100.702158915203
"Wassersteinu, surgical_case_durations, SD=4    missing_entry    0.5",20567.815629511766,20488.35751292043,20526.84109939763
"Wassersteinu, surgical_case_durations, SD=4    missing_entry_combined    0.001",19809.587440743824,19781.02439342308,19895.007690939136
"Wassersteinu, surgical_case_durations, SD=4    missing_entry_combined    0.005",19893.128663141717,19824.41362872438,19988.61165505118
"Wassersteinu, surgical_case_durations, SD=4    missing_entry_combined    0.01",20050.48639958306,20088.89403557531,20038.086771544127
"Wassersteinu, surgical_case_durations, SD=4    missing_entry_combined    0.05",20932.032761120234,20858.516727598977,20960.475962918175
"Wassersteinu, surgical_case_durations, SD=4    missing_entry_combined    0.1",21958.457142802778,21962.63713383725,21889.029536231003
"Wassersteinu, surgical_case_durations, SD=4    missing_entry_combined    0.5",30483.777781993296,30352.31525480046,30470.927433894405
"Wasserstein, LBP RA, SD=4    sigma    0.005",2137.1522858193707,2123.4925962597667,2126.170746135103
"Wasserstein, LBP RA, SD=4    sigma    0.01",4248.549539547602,4316.137902563901,4297.11948683797
"Wasserstein, LBP RA, SD=4    sigma    0.02",8558.286131347066,8542.960438125445,8561.770476924105
"Wasserstein, LBP RA, SD=4    sigma    0.05",14571.145379900741,14552.508169307372,14699.396833638963
"Wasserstein, LBP RA, SD=4    sigma    0.1",17133.809276200987,17124.551519724842,16984.085952277263
"Wasserstein, LBP RA, SD=4    sigma    0.2",18253.91319462968,18334.42366596424,18392.7716308345
"Wasserstein, LBP RA, SD=4    missing_entry    0.001",16.848235577319667,16.532708022124478,14.452370600162514
"Wasserstein, LBP RA, SD=4    missing_entry    0.005",77.9989647268493,81.14321212343687,79.31229074879865
"Wasserstein, LBP RA, SD=4    missing_entry    0.01",160.54771175103247,158.27544342198019,156.11641289744873
"Wasserstein, LBP RA, SD=4    missing_entry    0.05",794.8528648664845,792.818587124768,793.928467261333
"Wasserstein, LBP RA, SD=4    missing_entry    0.1",1598.2423515230516,1600.9927792516671,1591.0249688633435
"Wasserstein, LBP RA, SD=4    missing_entry    0.5",7986.376187279572,7992.799305033633,7968.883958766525
"Wasserstein, LBP RA, SD=4    missing_entry_combined    0.001",8576.934920070496,8550.504185409605,8601.94913101586
"Wasserstein, LBP RA, SD=4    missing_entry_combined    0.005",8597.131077267004,8654.388649036247,8635.765498511544
"Wasserstein, LBP RA, SD=4    missing_entry_combined    0.01",8599.237720715744,8677.273541275927,8666.690412544704
"Wasserstein, LBP RA, SD=4    missing_entry_combined    0.05",8957.168402680938,8955.38561601608,8936.055663994484
"Wasserstein, LBP RA, SD=4    missing_entry_combined    0.1",9293.17974497318,9299.139332943661,9350.666650888958
"Wasserstein, LBP RA, SD=4    missing_entry_combined    0.5",12271.912572938174,12219.876815198875,12250.13881216244
"Wassersteinu, LBP RA, SD=4    sigma    0.005",2128.332759381846,2122.0825298075683,2130.7216362505633
"Wassersteinu, LBP RA, SD=4    sigma    0.01",4318.576168085804,4312.273906183185,4302.902275810413
"Wassersteinu, LBP RA, SD=4    sigma    0.02",8534.72699600978,8578.430490519098,8589.797387304608
"Wassersteinu, LBP RA, SD=4    sigma    0.05",14599.348838625945,14638.937534321354,14585.077246542625
"Wassersteinu, LBP RA, SD=4    sigma    0.1",17057.760010995164,17121.846982769664,17197.333197435735
"Wassersteinu, LBP RA, SD=4    sigma    0.2",18362.337966881954,18279.167388184087,18331.54885516703
"Wassersteinu, LBP RA, SD=4    missing_entry    0.001",15.048524777961713,17.160072775203936,14.506032948210446
"Wassersteinu, LBP RA, SD=4    missing_entry    0.005",82.22455018478153,80.70795547147536,80.78278102270635
"Wassersteinu, LBP RA, SD=4    missing_entry    0.01",161.31103279373417,161.76749556544715,155.6824018985034
"Wassersteinu, LBP RA, SD=4    missing_entry    0.05",809.0895642172043,791.5064601540971,793.9434506437572
"Wassersteinu, LBP RA, SD=4    missing_entry    0.1",1596.2010922139211,1614.0957220034256,1588.0305926798137
"Wassersteinu, LBP RA, SD=4    missing_entry    0.5",7967.513501992396,7976.828739679092,7964.0113558750945
"Wassersteinu, LBP RA, SD=4    missing_entry_combined    0.001",8544.414926737983,8642.347595512227,8553.150145116213
"Wassersteinu, LBP RA, SD=4    missing_entry_combined    0.005",8617.551055734753,8601.94880890617,8548.135791697872
"Wassersteinu, LBP RA, SD=4    missing_entry_combined    0.01",8701.909215134285,8670.454250503142,8665.7794066058
"Wassersteinu, LBP RA, SD=4    missing_entry_combined    0.05",8909.56141503207,8957.494011422908,8987.944411910235
"Wassersteinu, LBP RA, SD=4    missing_entry_combined    0.1",9315.286730212527,9336.845432937314,9319.173755701697
"Wassersteinu, LBP RA, SD=4    missing_entry_combined    0.5",12298.882518434037,12285.765194949252,12261.897594138432
"Wasserstein, surgical_case_durations, SD=100    sigma    0.005",5655.371600228659,5648.738379379549,5671.825791904362
"Wasserstein, surgical_case_durations, SD=100    sigma    0.01",11121.45525710951,11001.283203946694,11059.982198119855
"Wasserstein, surgical_case_durations, SD=100    sigma    0.02",20372.088947840537,20344.73066822484,20281.056276581083
"Wasserstein, surgical_case_durations, SD=100    sigma    0.05",33601.88443208965,33548.44375361152,33632.88340807831
"Wasserstein, surgical_case_durations, SD=100    sigma    0.1",42077.04385033795,42076.21167651028,42100.671640712455
"Wasserstein, surgical_case_durations, SD=100    sigma    0.2",48268.71259495279,48264.25189075977,48417.145357837166
"Wasserstein, surgical_case_durations, SD=100    missing_entry    0.001",53.93898223999901,50.00064464770264,53.88275149104312
"Wasserstein, surgical_case_durations, SD=100    missing_entry    0.005",266.86052610020755,251.6805071959822,266.64015906573064
"Wasserstein, surgical_case_durations, SD=100    missing_entry    0.01",527.216248407813,513.236167708744,522.6756612680465
"Wasserstein, surgical_case_durations, SD=100    missing_entry    0.05",2612.0708617837568,2600.538575467373,2594.7268696609403
"Wasserstein, surgical_case_durations, SD=100    missing_entry    0.1",5211.626663094313,5216.523768423361,5235.938149791211
"Wasserstein, surgical_case_durations, SD=100    missing_entry    0.5",26204.116014212763,26194.457353491056,26171.729917040695
"Wasserstein, surgical_case_durations, SD=100    missing_entry_combined    0.001",20348.42635890437,20315.365244221448,20413.325374192373
"Wasserstein, surgical_case_durations, SD=100    missing_entry_combined    0.005",20438.070055546727,20477.237474233603,20551.605695256847
"Wasserstein, surgical_case_durations, SD=100    missing_entry_combined    0.01",20681.17161075964,20721.870712752956,20594.72891062793
"Wasserstein, surgical_case_durations, SD=100    missing_entry_combined    0.05",21898.426137649945,21960.44562694059,21935.27671818746
"Wasserstein, surgical_case_durations, SD=100    missing_entry_combined    0.1",23463.1883898504,23532.71155361881,23547.465533046976
"Wasserstein, surgical_case_durations, SD=100    missing_entry_combined    0.5",36446.441677833245,36340.01801935703,36359.159321993866
"Wassersteinu, surgical_case_durations, SD=100    sigma    0.005",5672.5718669456455,5656.287024879347,5659.125052361455
"Wassersteinu, surgical_case_durations, SD=100    sigma    0.01",11058.410784518333,10989.727550512645,10982.484798742664
"Wassersteinu, surgical_case_durations, SD=100    sigma    0.02",20294.619361862115,20281.302933352632,20324.29965151125
"Wassersteinu, surgical_case_durations, SD=100    sigma    0.05",33691.350544369634,33527.09021749746,33524.21798077421
"Wassersteinu, surgical_case_durations, SD=100    sigma    0.1",42044.189041939455,41988.18202134817,41976.98895216975
"Wassersteinu, surgical_case_durations, SD=100    sigma    0.2",48203.13271232142,48455.29302728607,48341.602941149904
"Wassersteinu, surgical_case_durations, SD=100    missing_entry    0.001",58.23492555741477,50.792204907036684,55.108491332369034
"Wassersteinu, surgical_case_durations, SD=100    missing_entry    0.005",258.62981174870134,262.0574442246662,252.19773324612026
"Wassersteinu, surgical_case_durations, SD=100    missing_entry    0.01",532.1511899310095,531.2449094367389,517.9200328447243
"Wassersteinu, surgical_case_durations, SD=100    missing_entry    0.05",2614.9791361255784,2596.752965004445,2580.7293843461152
"Wassersteinu, surgical_case_durations, SD=100    missing_entry    0.1",5248.863976071198,5231.028782043833,5223.804450426314
"Wassersteinu, surgical_case_durations, SD=100    missing_entry    0.5",26129.910090482324,26059.37596369028,26053.16778095459
"Wassersteinu, surgical_case_durations, SD=100    missing_entry_combined    0.001",20397.864760105767,20316.80890804156,20370.22101484375
"Wassersteinu, surgical_case_durations, SD=100    missing_entry_combined    0.005",20503.471803150016,20542.13540589141,20496.718127838725
"Wassersteinu, surgical_case_durations, SD=100    missing_entry_combined    0.01",20591.461833091267,20568.6240558949,20637.529233447123
"Wassersteinu, surgical_case_durations, SD=100    missing_entry_combined    0.05",21910.945604140696,21886.55386974441,21902.87669680619
"Wassersteinu, surgical_case_durations, SD=100    missing_entry_combined    0.1",23504.365720204063,23536.7381477835,23470.52937965578
"Wassersteinu, surgical_case_durations, SD=100    missing_entry_combined    0.5",36281.73364422864,36317.781661853434,36246.57075672889
"Wasserstein, LBP RA, SD=100    sigma    0.005",2458.0417659270183,2460.163103643552,2443.867762420905
"Wasserstein, LBP RA, SD=100    sigma    0.01",4836.91720786667,4816.645534911234,4822.442888645024
"Wasserstein, LBP RA, SD=100    sigma    0.02",8905.943463084637,8918.431427152043,8915.852537295947
"Wasserstein, LBP RA, SD=100    sigma    0.05",14562.695566566588,14548.464701300834,14503.196111449226
"Wasserstein, LBP RA, SD=100    sigma    0.1",18019.978807143325,17989.507726597378,17962.98085553754
"Wasserstein, LBP RA, SD=100    sigma    0.2",20780.573675989726,20752.59934464941,20732.749653414787
"Wasserstein, LBP RA, SD=100    missing_entry    0.001",23.962141233662017,22.632065424418222,23.46206348599832
"Wasserstein, LBP RA, SD=100    missing_entry    0.005",115.76725669560496,112.4470908585441,112.69738028507443
"Wasserstein, LBP RA, SD=100    missing_entry    0.01",229.7307847198845,235.0431345042891,231.62686896698116
"Wasserstein, LBP RA, SD=100    missing_entry    0.05",1138.451091765081,1144.3955419790223,1130.3868988237425
"Wasserstein, LBP RA, SD=100    missing_entry    0.1",2283.833944535686,2263.924621847401,2262.0610636389365
"Wasserstein, LBP RA, SD=100    missing_entry    0.5",11373.55211540251,11396.129661183992,11402.19746084989
"Wasserstein, LBP RA, SD=100    missing_entry_combined    0.001",8903.555119013501,8879.697387878761,8922.687064173937
"Wasserstein, LBP RA, SD=100    missing_entry_combined    0.005",8961.423317165138,8959.499769627164,8993.777717476905
"Wasserstein, LBP RA, SD=100    missing_entry_combined    0.01",8995.238991351001,9052.49320368114,9051.832548533675
"Wasserstein, LBP RA, SD=100    missing_entry_combined    0.05",9580.803053827862,9606.034466783993,9627.925034679713
"Wasserstein, LBP RA, SD=100    missing_entry_combined    0.1",10287.935821505956,10271.118164192083,10222.40591689231
"Wasserstein, LBP RA, SD=100    missing_entry_combined    0.5",15846.72794100873,15812.896986345491,15893.333797779775
"Wassersteinu, LBP RA, SD=100    sigma    0.005",2446.2614025068297,2458.7200297673317,2446.6095367307585
"Wassersteinu, LBP RA, SD=100    sigma    0.01",4815.137848603974,4796.055311287528,4812.641429361156
"Wassersteinu, LBP RA, SD=100    sigma    0.02",8867.083857137815,8865.563480861569,8894.992731269598
"Wassersteinu, LBP RA, SD=100    sigma    0.05",14446.242436472321,14527.565776829584,14514.681149517235
"Wassersteinu, LBP RA, SD=100    sigma    0.1",18101.366041313813,18049.160879367282,17990.238767650833
"Wassersteinu, LBP RA, SD=100    sigma    0.2",20735.824270586818,20779.5803496469,20738.26015070438
"Wassersteinu, LBP RA, SD=100    missing_entry    0.001",22.294809155033033,24.628990302307074,21.389024487293863
"Wassersteinu, LBP RA, SD=100    missing_entry    0.005",113.41673556705734,111.42812918860689,113.77611609455369
"Wassersteinu, LBP RA, SD=100    missing_entry    0.01",234.85268724656538,227.90323341484245,232.45726257248242
"Wassersteinu, LBP RA, SD=100    missing_entry    0.05",1153.2407220461319,1158.2538788518902,1140.8610827886257
"Wassersteinu, LBP RA, SD=100    missing_entry    0.1",2305.447279100722,2274.5475174791295,2300.756441571512
"Wassersteinu, LBP RA, SD=100    missing_entry    0.5",11408.422691418567,11405.388954366703,11464.828297618007
"Wassersteinu, LBP RA, SD=100    missing_entry_combined    0.001",8890.237276235413,8876.965020923271,8985.178187113415
"Wassersteinu, LBP RA, SD=100    missing_entry_combined    0.005",8918.01673238352,9006.745756205124,8961.813983325863
"Wassersteinu, LBP RA, SD=100    missing_entry_combined    0.01",8956.847284900865,9017.26752750242,8980.139432257583
"Wassersteinu, LBP RA, SD=100    missing_entry_combined    0.05",9546.177284974552,9543.53059406875,9526.326644276056
"Wassersteinu, LBP RA, SD=100    missing_entry_combined    0.1",10254.022107316468,10286.59658480085,10235.67410431841
"Wassersteinu, LBP RA, SD=100    missing_entry_combined    0.5",15909.559995811855,15895.180189872965,15896.114592254802
"JSD, SD=4    training_method    supervised",5132.708365940192,5157.051369599132,5175.685446219408
"JSD, SD=4    training_method    supervised_2_percent",5163.844088769473,5126.73508807846,5150.6556638412385
"JSD, SD=4    training_method    semi",5214.361214957706,5151.788027207922,5144.698842613323
"JSD, SD=4    training_method    semi_sup_first",5157.773540123483,5156.393518562749,5155.041642668428
"JSD, SD=4    training_method    semi_mixed",5204.902233904855,5163.581875535045,5164.784772590722
"JSD, SD=4    training_method    unsupervised",5160.217776309493,5166.749904395519,5188.7441798568425
"JSD, SD=4    activation_types    ['relu']",5156.949909629422,5195.011013378481,5177.883139845331
"JSD, SD=4    activation_types    ['relu', 'relu', 'relu', 'relu', 'relu']",5186.356470788505,5157.389878111021,5181.858024097858
"JSD, SD=4    activation_types    ['sin', 'cos', 'linear']",5150.214834275547,5184.30703874704,5138.421212684854
"JSD, SD=4    activation_types    ['sin', 'cos', 'linear', 'relu', 'sigmoid']",5128.259441472883,5191.357141991131,5153.711196449009
"JSD, SD=4    input_layer_type    dense",5179.917266322413,5160.312268032545,5153.826380068503
"JSD, SD=4    input_layer_type    gaussian_dropout",5161.185751156254,5151.973264619534,5191.538350511977
"JSD, SD=4    input_layer_type    sqrt_softmax",5155.776501294164,5135.943924121381,5136.97963944151
"JSD, SD=4    input_layer_type    gaussian_kernel",5207.4619415884345,5177.074116110754,5161.593667592691
"JSD, SD=4    input_layer_type    CNN",5126.8252247415785,5134.15328911596,5160.0294049762
"JSD, SD=4    input_layer_type    VAE",5161.826035718825,5169.226059311916,5185.150604932772
"JSD, SD=4    encoding_dim    2",5185.2934443859685,5189.951858198964,5158.48763557778
"JSD, SD=4    encoding_dim    3",5148.581097631587,5223.797691529277,5150.81631353247
"JSD, SD=4    encoding_dim    6",5155.036599346503,5131.022921921926,5160.672264515697
"JSD, SD=4    hidden_layers    5",5121.265939030964,5182.354738046864,5190.339230622543
"JSD, SD=4    hidden_layers    7",5167.559074079309,5143.9138438944765,5166.159083287226
"JSD, SD=4    hidden_layers    9",5162.048543667133,5154.5724554074795,5157.506978050015
"JSD, SD=4    hidden_layers    27",5179.249132401567,5189.744109461076,5153.37280584737
"JSD, SD=4    activity_regularizer    ",5155.3483565128445,5153.84782737545,5179.947761203066
"JSD, SD=4    activity_regularizer    L2, 0.01",5160.295659221597,5160.119303469892,5156.409052580101
"JSD, SD=4    activity_regularizer    L1, 0.01",5161.719750458361,5195.905417768978,5165.684636407458
"JSD, SD=4    activity_regularizer    L1, 10^-4",5152.856311504309,5166.473238417042,5121.7733497738955
"JSD, SD=4    sigma    0.005",1434.0976060687606,1415.9049792696082,1416.4600944257454
"JSD, SD=4    sigma    0.01",2668.5752930497088,2640.5098503577983,2656.0177736236674
"JSD, SD=4    sigma    0.05",9641.848854535798,9607.50244563423,9651.064671488994
"JSD, SD=4    sigma    0.1",11652.060767985806,11632.666123657202,11656.015159895307
"JSD, SD=4    sigma    0.2",12588.215529730087,12694.217705215833,12627.447876385786
"JSD, SD=4    BN_size    2",3455.9567843233053,3449.794701385036,3439.399437319681
"JSD, SD=4    BN_size    4",6791.166440314402,6933.455441617839,6901.903352232522
"JSD, SD=4    BN_size    5",8588.687382870663,8533.268080581951,8546.696738080887
"JSD, SD=4    BN_size    10",17109.12844245504,17163.75903318641,17184.764664422903
"JSD, SD=4    BN_size    20",34303.76590402122,34413.196435149446,34394.259168362725
"JSD, SD=4    BN_size    30",51617.559870656645,51610.663890334385,51522.93951916179
"JSD, SD=4    labeled_data_percentage    99",5173.852976759075,5225.990142665746,5141.599306125401
"JSD, SD=4    labeled_data_percentage    50",5102.203693760511,5142.944406815428,5193.683252112601
"JSD, SD=4    labeled_data_percentage    20",5200.514813487184,5180.153874648002,5194.474750871709
"JSD, SD=4    labeled_data_percentage    10",5157.0334410027845,5148.630929333491,5127.04576870825
"JSD, SD=4    labeled_data_percentage    5",5134.641596413916,5138.986637463368,5159.312110575706
"JSD, SD=4    labeled_data_percentage    1",5164.288299459829,5120.169899580781,5191.832415716951
"JSD, SD=4    labeled_data_percentage    0.5",5167.053630425278,5180.683122935801,5154.0059656209105
"JSD, SD=4    labeled_data_percentage    0.25",5145.146427894819,5174.191154186521,5195.04344613015
"JSD, SD=4    labeled_data_percentage    0.125",5157.900254739334,5191.689088211744,5176.9101254365005
"JSD, SD=4    labeled_data_percentage    0.05",5174.307182542306,5129.650060020211,5183.8698586200435
"JSD, SD=4    labeled_data_percentage    0.01",5165.344410552495,5184.710543287124,5207.14560157748
"JSD, SD=4    sampling_density    15",5360.633275339715,5363.146156612057,5361.9789686797685
"JSD, SD=4    sampling_density    25",5444.112293606846,5447.2764145550655,5455.945583054366
"JSD, SD=4    sampling_density    50",5509.159452260346,5510.896000757691,5512.880803137741
"JSD, SD=4    sampling_density    100",5545.125489791291,5549.0790549968015,5541.429089841387
"JSD, SD=4    sampling_density    150",5556.447008942604,5552.693508934029,5558.489457668478
"JSD, SD=4    sampling_density    300",5566.479332497837,5567.120716289487,5564.312584588737
"JSD, SD=4    gaussian_noise_sigma    lambda SD, 0.01",5224.3701896765815,5168.220584790228,5161.08061780067
"JSD, SD=4    gaussian_noise_sigma    lambda SD, 0.02",5167.547741042294,5145.810056297377,5166.873851071152
"JSD, SD=4    gaussian_noise_sigma    lambda SD, 0.05",5161.010984025903,5171.662867241809,5131.81329238853
"JSD, SD=4    gaussian_noise_sigma    lambda SD, 0.1",5158.7658516911015,5109.137460695134,5169.314835173982
"JSD, SD=4    gaussian_noise_sigma    lambda SD, 0.2",5150.817874600926,5160.5427909430055,5167.118750328684
"JSD, SD=4    gaussian_noise_sigma    lambda SD, (0.01 over SD) cdot 100",5089.266526138605,5184.1689010063665,5153.48375030167
"JSD, SD=4    gaussian_noise_sigma    lambda SD, (0.02 over SD) cdot 100",5158.426325103641,5114.561344832461,5186.428159479778
"JSD, SD=4    gaussian_noise_sigma    lambda SD, (0.05 over SD) cdot 100",5157.756578063269,5154.0537726473185,5125.843986710459
"JSD, SD=4    gaussian_noise_sigma    lambda SD, (0.1 over SD) cdot 100",5210.088982632824,5126.1808056912805,5192.3912952710725
"JSD, SD=4    gaussian_noise_sigma    lambda SD, (0.2 over SD) cdot 100",5160.684805305364,5134.589610104098,5130.898594264566
"JSD, SD=4    missing_entry    0.001",11.411802301512946,11.411802301512946,11.411802301512946
"JSD, SD=4    missing_entry    0.005",57.05901150756473,57.05901150756473,57.05901150756473
"JSD, SD=4    missing_entry    0.01",114.11802301512947,114.11802301512945,114.11802301512947
"JSD, SD=4    missing_entry    0.05",570.5901150756472,570.5901150756473,570.5901150756472
"JSD, SD=4    missing_entry    0.1",1141.1802301512944,1141.1802301512946,1141.1802301512944
"JSD, SD=4    missing_entry    0.5",5705.901150756474,5705.901150756473,5705.901150756473
"JSD, SD=4    missing_entry_combined    0.001",5195.766609489247,5186.936696305558,5160.293702678029
"JSD, SD=4    missing_entry_combined    0.005",5140.764138311442,5184.662640069355,5195.947835714824
"JSD, SD=4    missing_entry_combined    0.01",5246.712190621371,5245.667376086314,5215.75944715114
"JSD, SD=4    missing_entry_combined    0.05",5465.764543977856,5477.659333586757,5461.343180381697
"JSD, SD=4    missing_entry_combined    0.1",5799.498724211012,5797.294284542741,5780.002962983375
"JSD, SD=4    missing_entry_combined    0.5",8253.074913980225,8256.455758387276,8289.88612174768
"JSD, SD=4    missing_entry_no_denoising    0.001",11.411802301512946,11.411802301512946,11.411802301512946
"JSD, SD=4    missing_entry_no_denoising    0.005",57.059011507564726,57.059011507564726,57.05901150756472
"JSD, SD=4    missing_entry_no_denoising    0.01",114.11802301512945,114.11802301512947,114.11802301512947
"JSD, SD=4    missing_entry_no_denoising    0.05",570.5901150756472,570.5901150756473,570.5901150756473
"JSD, SD=4    missing_entry_no_denoising    0.1",1141.1802301512944,1141.1802301512944,1141.1802301512944
"JSD, SD=4    missing_entry_no_denoising    0.5",5705.901150756473,5705.901150756473,5705.901150756473
"JSD, SD=4    rows    100",54.09883242495429,49.792417607094606,49.62026694198599
"JSD, SD=4    rows    1000",515.8083063773001,519.2585800865363,511.1689487607011
"JSD, SD=4    rows    100000",51551.33188728471,51656.34022334239,51665.14677317745
"JSD, SD=4    rows    1000000",515852.6220873754,515979.0542608178,515991.12304316176
"JSDu, SD=4    activation_types    ['relu']",5145.274530490271,5150.4560721579655,5133.324279917105
"JSDu, SD=4    activation_types    ['relu', 'relu', 'relu', 'relu', 'relu']",5127.937461381736,5113.458310548247,5125.48253479702
"JSDu, SD=4    activation_types    ['sin', 'cos', 'linear']",5134.207048227761,5144.425101630621,5155.550366666788
"JSDu, SD=4    activation_types    ['sin', 'cos', 'linear', 'relu', 'sigmoid']",5202.71102305692,5158.421422218729,5173.1309729743825
"JSDu, SD=4    input_layer_type    dense",5189.879924593341,5154.007930012714,5155.269497664271
"JSDu, SD=4    input_layer_type    gaussian_dropout",5159.6475235224025,5173.694110496626,5175.560279103924
"JSDu, SD=4    input_layer_type    sqrt_softmax",5145.351272732267,5139.757574503272,5154.907498564751
"JSDu, SD=4    input_layer_type    gaussian_kernel",5163.8622722625705,5144.282538025412,5147.954981505938
"JSDu, SD=4    input_layer_type    CNN",5120.805209912288,5128.247090868679,5155.225237979492
"JSDu, SD=4    input_layer_type    VAE",5137.614039102141,5131.648360648145,5165.527288981151
"JSDu, SD=4    encoding_dim    2",5178.398627131522,5213.154474891901,5154.280172022235
"JSDu, SD=4    encoding_dim    3",5141.7999651888895,5196.580166964501,5182.173722921507
"JSDu, SD=4    encoding_dim    6",5187.861299779055,5186.1314632826425,5172.132512420845
"JSDu, SD=4    hidden_layers    5",5171.721713548131,5205.221267548914,5138.773748570957
"JSDu, SD=4    hidden_layers    7",5160.827691790022,5137.63344083313,5127.49842609501
"JSDu, SD=4    hidden_layers    9",5142.521629213769,5160.32874413795,5144.850720788216
"JSDu, SD=4    hidden_layers    27",5154.1761835075795,5194.316584761161,5149.580251615957
"JSDu, SD=4    activity_regularizer    ",5153.556384647639,5166.692899068178,5101.821332971751
"JSDu, SD=4    activity_regularizer    L2, 0.01",5134.726739939984,5195.970140069992,5158.985363589352
"JSDu, SD=4    activity_regularizer    L1, 0.01",5170.4675485115795,5095.510076614509,5161.440641739739
"JSDu, SD=4    activity_regularizer    L1, 10^-4",5170.750293675821,5149.7612810194805,5136.8291530514625
"JSDu, SD=4    sigma    0.005",1413.4235793634525,1421.988007802106,1417.374215707233
"JSDu, SD=4    sigma    0.01",2681.0565464746323,2665.1148634116403,2649.5522783870174
"JSDu, SD=4    sigma    0.05",9644.872075737403,9687.478787438013,9618.490019441822
"JSDu, SD=4    sigma    0.1",11619.316227715317,11677.0568862515,11702.201842358303
"JSDu, SD=4    sigma    0.2",12590.483497637439,12578.954167699321,12562.06987207597
"JSDu, SD=4    BN_size    2",3408.413116345082,3452.065191194232,3435.8527403162852
"JSDu, SD=4    BN_size    4",6864.613527756482,6869.5455256002615,6910.564004272021
"JSDu, SD=4    BN_size    5",8553.866740599242,8610.07692447451,8606.099108488685
"JSDu, SD=4    BN_size    10",17170.134738211003,17133.95167224294,17189.694862380657
"JSDu, SD=4    BN_size    20",34447.16326297068,34406.39436758771,34298.43196699806
"JSDu, SD=4    BN_size    30",51575.65279559854,51548.32905104039,51670.21979959334
"JSDu, SD=4    sampling_density    15",5380.355694923895,5346.885948138804,5370.127542813537
"JSDu, SD=4    sampling_density    25",5452.5148322523,5447.183492805405,5447.947880213642
"JSDu, SD=4    sampling_density    50",5518.513152407329,5519.473759164842,5510.680228425443
"JSDu, SD=4    sampling_density    100",5541.76830301424,5547.104213297039,5542.472920209866
"JSDu, SD=4    sampling_density    150",5552.431240772736,5559.089496505286,5554.274009626391
"JSDu, SD=4    sampling_density    300",5562.9137502103,5564.337884844976,5563.430012120629
"JSDu, SD=4    gaussian_noise_sigma    lambda SD, 0.01",5170.296980015108,5184.774509029854,5184.284781461003
"JSDu, SD=4    gaussian_noise_sigma    lambda SD, 0.02",5153.076603429867,5112.963989977327,5148.965588315601
"JSDu, SD=4    gaussian_noise_sigma    lambda SD, 0.05",5147.795085936723,5180.638160049633,5156.494319360489
"JSDu, SD=4    gaussian_noise_sigma    lambda SD, 0.1",5149.898848865159,5167.51148091627,5172.898226243692
"JSDu, SD=4    gaussian_noise_sigma    lambda SD, 0.2",5224.653448395868,5091.404350255677,5182.619268957977
"JSDu, SD=4    gaussian_noise_sigma    lambda SD, (0.01 over SD) cdot 100",5141.759951561944,5178.777003913627,5203.20090553485
"JSDu, SD=4    gaussian_noise_sigma    lambda SD, (0.02 over SD) cdot 100",5179.526509115236,5137.614674260745,5149.625413845732
"JSDu, SD=4    gaussian_noise_sigma    lambda SD, (0.05 over SD) cdot 100",5097.794730488995,5123.997835937681,5182.858424369439
"JSDu, SD=4    gaussian_noise_sigma    lambda SD, (0.1 over SD) cdot 100",5148.867700581436,5145.967933274309,5158.510937783243
"JSDu, SD=4    gaussian_noise_sigma    lambda SD, (0.2 over SD) cdot 100",5142.848829919978,5156.046822801811,5209.972624243142
"JSDu, SD=4    missing_entry    0.001",11.411802301512946,11.411802301512946,11.411802301512946
"JSDu, SD=4    missing_entry    0.005",57.059011507564726,57.05901150756472,57.05901150756473
"JSDu, SD=4    missing_entry    0.01",114.11802301512945,114.11802301512945,114.11802301512947
"JSDu, SD=4    missing_entry    0.05",570.5901150756472,570.5901150756473,570.5901150756472
"JSDu, SD=4    missing_entry    0.1",1141.1802301512946,1141.1802301512944,1141.1802301512946
"JSDu, SD=4    missing_entry    0.5",5705.901150756473,5705.901150756472,5705.901150756474
"JSDu, SD=4    missing_entry_combined    0.001",5137.495294083216,5135.220530453934,5156.26743640459
"JSDu, SD=4    missing_entry_combined    0.005",5186.689228647062,5204.212916652346,5202.729484335138
"JSDu, SD=4    missing_entry_combined    0.01",5222.490742342008,5210.979347297989,5260.91320207748
"JSDu, SD=4    missing_entry_combined    0.05",5471.329500658772,5471.48129699675,5447.919964633624
"JSDu, SD=4    missing_entry_combined    0.1",5782.900720442856,5779.539088461801,5768.072230108771
"JSDu, SD=4    missing_entry_combined    0.5",8297.39602427804,8296.387931722875,8271.1634612368
"JSDu, SD=4    missing_entry_no_denoising    0.001",11.411802301512946,11.411802301512944,11.411802301512946
"JSDu, SD=4    missing_entry_no_denoising    0.005",57.05901150756472,57.059011507564726,57.059011507564726
"JSDu, SD=4    missing_entry_no_denoising    0.01",114.11802301512947,114.11802301512944,114.11802301512947
"JSDu, SD=4    missing_entry_no_denoising    0.05",570.5901150756473,570.5901150756473,570.5901150756472
"JSDu, SD=4    missing_entry_no_denoising    0.1",1141.1802301512944,1141.1802301512946,1141.1802301512946
"JSDu, SD=4    missing_entry_no_denoising    0.5",5705.901150756474,5705.901150756473,5705.901150756474
"JSDu, SD=4    rows    100",56.87843292333045,52.195407527046974,49.23714075285172
"JSDu, SD=4    rows    1000",513.4411042611642,517.175247915808,516.4395075657924
"JSDu, SD=4    rows    100000",51459.22255000812,51514.57659450226,51575.999467907866
"JSDu, SD=4    rows    1000000",515964.7334859207,515860.8740918701,515783.28243472264
"Wasserstein, SD=100    training_method    supervised",5546.336257774806,5544.4061046104,5543.1799758069665
"Wasserstein, SD=100    training_method    supervised_2_percent",5540.493893630215,5540.881769172245,5551.627990378804
"Wasserstein, SD=100    training_method    semi",5545.5133705119015,5544.7659306511505,5545.346331696862
"Wasserstein, SD=100    training_method    semi_sup_first",5547.230003983675,5541.630529425081,5546.019412950793
"Wasserstein, SD=100    training_method    semi_mixed",5544.645279171523,5540.654030312285,5543.873439978393
"Wasserstein, SD=100    training_method    unsupervised",5546.198881523687,5543.97399655881,5538.15622539391
"Wasserstein, SD=100    activation_types    ['relu']",5539.648530293249,5544.1975549656845,5536.76121645736
"Wasserstein, SD=100    activation_types    ['relu', 'relu', 'relu', 'relu', 'relu']",5541.1080856205335,5544.190420602877,5544.947983365955
"Wasserstein, SD=100    activation_types    ['sin', 'cos', 'linear']",5543.233255111565,5536.356298307761,5542.564932911344
"Wasserstein, SD=100    activation_types    ['sin', 'cos', 'linear', 'relu', 'sigmoid']",5542.224203227202,5544.493633560103,5547.693562050157
"Wasserstein, SD=100    input_layer_type    dense",5543.540193557394,5544.96053701554,5541.586415122146
"Wasserstein, SD=100    input_layer_type    gaussian_dropout",5541.173540419086,5542.690522815013,5545.914556035043
"Wasserstein, SD=100    input_layer_type    sqrt_softmax",5543.796773994597,5542.403782659412,5549.914869731363
"Wasserstein, SD=100    input_layer_type    gaussian_kernel",5545.236974329873,5543.002213208191,5543.970409748486
"Wasserstein, SD=100    input_layer_type    CNN",5547.850554749985,5540.1244986724305,5538.8799313659765
"Wasserstein, SD=100    input_layer_type    VAE",5544.180624225524,5545.414599584314,5551.1987056040225
"Wasserstein, SD=100    encoding_dim    2",5533.0075296283485,5544.543721033215,5549.335810433031
"Wasserstein, SD=100    encoding_dim    3",5542.891570687048,5538.789003543927,5545.824126737165
"Wasserstein, SD=100    encoding_dim    6",5545.19785088215,5547.008623031718,5540.379353792285
"Wasserstein, SD=100    hidden_layers    5",5546.623058826712,5551.741989540258,5543.095692545256
"Wasserstein, SD=100    hidden_layers    7",5541.100386831697,5545.9480373421175,5546.595279041996
"Wasserstein, SD=100    hidden_layers    9",5545.053278784548,5546.602688298241,5537.656572906646
"Wasserstein, SD=100    hidden_layers    27",5540.360976611199,5546.403417058495,5540.122315907633
"Wasserstein, SD=100    activity_regularizer    ",5541.877303337027,5539.001241884786,5541.99133601766
"Wasserstein, SD=100    activity_regularizer    L2, 0.01",5546.913833245704,5541.068439092995,5547.407999905532
"Wasserstein, SD=100    activity_regularizer    L1, 0.01",5533.094731463363,5543.674089007011,5544.633650980904
"Wasserstein, SD=100    activity_regularizer    L1, 10^-4",5544.9296670696085,5545.636458625328,5539.577386939097
"Wasserstein, SD=100    sigma    0.005",1825.4950900737417,1826.0035105278575,1823.7436058180615
"Wasserstein, SD=100    sigma    0.01",3292.535059336872,3291.951200672416,3293.098843594291
"Wasserstein, SD=100    sigma    0.05",9536.178100095829,9537.868940941837,9535.618247072129
"Wasserstein, SD=100    sigma    0.1",12757.331061689523,12751.14879661287,12751.187933749003
"Wasserstein, SD=100    sigma    0.2",15581.093430053123,15579.283858543517,15572.91146805509
"Wasserstein, SD=100    BN_size    2",3698.8304851634084,3696.4951750818036,3693.4851438078194
"Wasserstein, SD=100    BN_size    4",7390.729749190814,7397.269846442521,7389.457032559295
"Wasserstein, SD=100    BN_size    5",9238.814893013507,9239.869837276372,9239.056753713576
"Wasserstein, SD=100    BN_size    10",18468.13111513696,18482.50526474017,18474.964460007865
"Wasserstein, SD=100    BN_size    20",36962.567603297386,36955.71672829037,36952.7808128898
"Wasserstein, SD=100    BN_size    30",55429.34796930051,55436.77351340191,55460.379452604735
"Wasserstein, SD=100    labeled_data_percentage    99",5540.346893943301,5542.599301383068,5537.891023343636
"Wasserstein, SD=100    labeled_data_percentage    50",5545.800844627034,5549.0585166390665,5544.0463980554105
"Wasserstein, SD=100    labeled_data_percentage    20",5546.006811484927,5538.726095375365,5543.451043714538
"Wasserstein, SD=100    labeled_data_percentage    10",5543.083753044627,5539.478488675863,5537.696816407517
"Wasserstein, SD=100    labeled_data_percentage    5",5544.956383348977,5540.390153850709,5537.50382320344
"Wasserstein, SD=100    labeled_data_percentage    1",5550.903105735351,5544.166827506175,5548.293618890306
"Wasserstein, SD=100    labeled_data_percentage    0.5",5544.980715281154,5546.242787702411,5539.658558657227
"Wasserstein, SD=100    labeled_data_percentage    0.25",5544.132274870872,5541.035122878588,5544.258271890772
"Wasserstein, SD=100    labeled_data_percentage    0.125",5543.325195000648,5548.503018815436,5544.183675387113
"Wasserstein, SD=100    labeled_data_percentage    0.05",5540.394695771398,5541.613981469247,5534.947675939209
"Wasserstein, SD=100    labeled_data_percentage    0.01",5538.592939065125,5539.769718044392,5539.078823533338
"Wasserstein, SD=100    sampling_density    4",5167.071763739777,5183.943634206042,5176.741672021323
"Wasserstein, SD=100    sampling_density    15",5362.934782695776,5376.090933362386,5363.9960174445405
"Wasserstein, SD=100    sampling_density    25",5449.361065801859,5446.10481212683,5435.554418528009
"Wasserstein, SD=100    sampling_density    50",5522.878053132327,5513.101169564326,5506.655541299118
"Wasserstein, SD=100    sampling_density    150",5548.917806566801,5549.417840077654,5551.911156652897
"Wasserstein, SD=100    sampling_density    300",5562.684745741284,5563.045265770204,5563.677929347699
"Wasserstein, SD=100    gaussian_noise_sigma    lambda SD, 0.01",5541.81064410122,5543.73340186763,5537.647710463552
"Wasserstein, SD=100    gaussian_noise_sigma    lambda SD, 0.02",5545.4885996602425,5540.385455396198,5545.586159593222
"Wasserstein, SD=100    gaussian_noise_sigma    lambda SD, 0.05",5541.152764725946,5539.424466589385,5541.127923269676
"Wasserstein, SD=100    gaussian_noise_sigma    lambda SD, 0.1",5545.579841256575,5539.7512373061145,5543.260166427446
"Wasserstein, SD=100    gaussian_noise_sigma    lambda SD, 0.2",5539.744906446854,5541.639365061242,5543.241619712095
"Wasserstein, SD=100    gaussian_noise_sigma    lambda SD, (0.01 over SD) cdot 100",5540.496828733508,5546.3878890718415,5547.94451071687
"Wasserstein, SD=100    gaussian_noise_sigma    lambda SD, (0.02 over SD) cdot 100",5542.031304971715,5543.606564242378,5544.922254685277
"Wasserstein, SD=100    gaussian_noise_sigma    lambda SD, (0.05 over SD) cdot 100",5539.606877499185,5541.239920571992,5536.435188400402
"Wasserstein, SD=100    gaussian_noise_sigma    lambda SD, (0.1 over SD) cdot 100",5541.153616377256,5540.445719670862,5541.496077731052
"Wasserstein, SD=100    gaussian_noise_sigma    lambda SD, (0.2 over SD) cdot 100",5542.415260422364,5541.972550112204,5542.862060535976
"Wasserstein, SD=100    missing_entry    0.001",19.951137138656918,19.951137138656918,19.951137138656918
"Wasserstein, SD=100    missing_entry    0.005",99.75568569328459,99.75568569328459,99.75568569328459
"Wasserstein, SD=100    missing_entry    0.01",199.51137138656918,199.51137138656918,199.51137138656918
"Wasserstein, SD=100    missing_entry    0.05",997.5568569328459,997.5568569328459,997.5568569328459
"Wasserstein, SD=100    missing_entry    0.1",1995.1137138656916,1995.113713865692,1995.1137138656918
"Wasserstein, SD=100    missing_entry    0.5",9975.56856932846,9975.56856932846,9975.568569328458
"Wasserstein, SD=100    missing_entry_combined    0.001",5552.3706228286555,5556.794092836688,5557.283386955124
"Wasserstein, SD=100    missing_entry_combined    0.005",5609.204222350618,5613.068871114082,5610.675325365524
"Wasserstein, SD=100    missing_entry_combined    0.01",5690.622671669076,5686.49221362034,5684.346595702454
"Wasserstein, SD=100    missing_entry_combined    0.05",6267.94248604218,6260.542467639521,6256.722518372231
"Wasserstein, SD=100    missing_entry_combined    0.1",6986.511870245787,6985.514308202119,6982.545573185423
"Wasserstein, SD=100    missing_entry_combined    0.5",12748.654785276489,12748.01563059006,12746.809359226962
"Wasserstein, SD=100    missing_entry_no_denoising    0.001",19.951137138656918,19.951137138656918,19.951137138656918
"Wasserstein, SD=100    missing_entry_no_denoising    0.005",99.75568569328459,99.75568569328459,99.75568569328459
"Wasserstein, SD=100    missing_entry_no_denoising    0.01",199.51137138656918,199.51137138656918,199.51137138656918
"Wasserstein, SD=100    missing_entry_no_denoising    0.05",997.5568569328459,997.5568569328459,997.5568569328459
"Wasserstein, SD=100    missing_entry_no_denoising    0.1",1995.1137138656918,1995.1137138656918,1995.1137138656916
"Wasserstein, SD=100    missing_entry_no_denoising    0.5",9975.56856932846,9975.56856932846,9975.568569328458
"Wasserstein, SD=100    rows    100",55.46674689635415,55.360657096950504,55.671947743369756
"Wasserstein, SD=100    rows    1000",553.2425884454135,556.4763080387424,556.018967419499
"Wasserstein, SD=100    rows    100000",55438.45017445031,55429.94027433588,55404.70694832463
"Wasserstein, SD=100    rows    1000000",554395.5805879119,554337.7723936515,554365.3144886931
"JSD, SD=100    training_method    supervised",5538.96777686367,5539.123220334255,5541.520725921004
"JSD, SD=100    training_method    supervised_2_percent",5545.807793981837,5541.991787200173,5543.562361145076
"JSD, SD=100    training_method    semi_sup_first",5545.956062895292,5544.672219919383,5547.807613399598
"JSD, SD=100    training_method    semi_mixed",5547.072102469325,5542.529915334823,5542.193439247972
"JSD, SD=100    activation_types    ['relu']",5538.61737565169,5547.921119833716,5540.8019323985145
"JSD, SD=100    activation_types    ['relu', 'relu', 'relu', 'relu', 'relu']",5547.380133489991,5545.0766787670045,5548.543955024883
"JSD, SD=100    activation_types    ['sin', 'cos', 'linear']",5554.934744100913,5541.098751370299,5543.273294549885
"JSD, SD=100    activation_types    ['sin', 'cos', 'linear', 'relu', 'sigmoid']",5539.939757168006,5538.542016419519,5541.769525625699
"JSD, SD=100    input_layer_type    dense",5537.740426933958,5545.418518186609,5539.03225493062
"JSD, SD=100    input_layer_type    gaussian_dropout",5541.3535119000735,5541.964292719621,5547.564444933479
"JSD, SD=100    input_layer_type    sqrt_softmax",5541.009004609404,5541.98994446166,5546.443737739113
"JSD, SD=100    input_layer_type    gaussian_kernel",5545.780753071989,5546.248711593198,5543.96521270017
"JSD, SD=100    input_layer_type    CNN",5542.339204926213,5536.7371251209015,5539.076364442629
"JSD, SD=100    input_layer_type    VAE",5540.625646520421,5545.166525980247,5545.719902231702
"JSD, SD=100    encoding_dim    2",5546.88024531961,5546.959154983676,5543.635362322495
"JSD, SD=100    encoding_dim    3",5546.969728530952,5543.785362736639,5549.171166810505
"JSD, SD=100    encoding_dim    6",5546.475274556002,5541.1654699850715,5539.040205385078
"JSD, SD=100    hidden_layers    5",5541.128430947396,5539.042444272432,5540.737265127801
"JSD, SD=100    hidden_layers    7",5539.541199293255,5543.279739806398,5542.126285998708
"JSD, SD=100    hidden_layers    9",5546.216927146902,5537.737530477565,5543.663962844751
"JSD, SD=100    hidden_layers    27",5541.128270472851,5540.866828903655,5540.5973760662655
"JSD, SD=100    activity_regularizer    ",5546.270852990826,5543.509246449051,5543.214881743608
"JSD, SD=100    activity_regularizer    L2, 0.01",5540.8226241362545,5547.1800703210065,5538.456467178642
"JSD, SD=100    activity_regularizer    L1, 0.01",5544.424641732321,5544.361952085308,5541.709264808481
"JSD, SD=100    activity_regularizer    L1, 10^-4",5545.487633171926,5541.659154722298,5546.603123684179
"JSD, SD=100    sigma    0.005",1823.7872755372016,1824.302970212145,1824.5119167817006
"JSD, SD=100    sigma    0.01",3297.444858331387,3292.215158755609,3295.730785927163
"JSD, SD=100    sigma    0.05",9534.606186256775,9533.344800346127,9530.758282740975
"JSD, SD=100    sigma    0.1",12744.972871961636,12757.01950401274,12759.291799350827
"JSD, SD=100    sigma    0.2",15566.594821316414,15581.804693839531,15577.320021852056
"JSD, SD=100    BN_size    2",3693.756161997774,3693.250577085473,3702.3075456356487
"JSD, SD=100    BN_size    4",7386.960732500162,7387.825476063401,7393.109124910234
"JSD, SD=100    BN_size    5",9234.390498698043,9239.765592281503,9238.097887106887
"JSD, SD=100    BN_size    10",18485.30648260456,18481.506104838045,18476.492809690095
"JSD, SD=100    BN_size    20",36946.39608792679,36951.337307762566,36967.0359445701
"JSD, SD=100    BN_size    30",55417.77398826322,55437.93332085228,55419.483649655966
"JSD, SD=100    labeled_data_percentage    99",5541.421517954851,5550.605458197884,5545.396172283713
"JSD, SD=100    labeled_data_percentage    50",5540.183798792545,5545.191608342102,5538.8588362683995
"JSD, SD=100    labeled_data_percentage    20",5542.248330022233,5545.656887471802,5543.682170326848
"JSD, SD=100    labeled_data_percentage    10",5540.529329376113,5542.044112849485,5539.1690594784595
"JSD, SD=100    labeled_data_percentage    5",5543.166116199004,5546.3813177522425,5543.2170044865015
"JSD, SD=100    labeled_data_percentage    1",5539.968673873013,5548.434588025825,5538.799254048102
"JSD, SD=100    labeled_data_percentage    0.5",5545.078705400648,5540.890422903338,5538.154158744835
"JSD, SD=100    labeled_data_percentage    0.25",5540.821437747443,5545.721565670459,5542.2791321653185
"JSD, SD=100    labeled_data_percentage    0.125",5546.586962499809,5545.552868398394,5548.044121477201
"JSD, SD=100    labeled_data_percentage    0.05",5544.867313767737,5550.4118947613315,5543.953420131325
"JSD, SD=100    labeled_data_percentage    0.01",5544.571462457313,5544.564555838842,5542.1610857511005
"JSD, SD=100    gaussian_noise_sigma    lambda SD, 0.01",5541.852283553633,5548.721355311623,5539.440640343342
"JSD, SD=100    gaussian_noise_sigma    lambda SD, 0.02",5547.676780829566,5548.400737704555,5546.56746005081
"JSD, SD=100    gaussian_noise_sigma    lambda SD, 0.05",5541.426116978637,5538.299781065541,5540.704519869592
"JSD, SD=100    gaussian_noise_sigma    lambda SD, 0.1",5545.207258708959,5540.771953295465,5544.124904532967
"JSD, SD=100    gaussian_noise_sigma    lambda SD, 0.2",5540.904089856418,5541.521791144324,5549.629976385671
"JSD, SD=100    gaussian_noise_sigma    lambda SD, (0.01 over SD) cdot 100",5546.6613943914845,5538.45806116108,5541.635540343366
"JSD, SD=100    gaussian_noise_sigma    lambda SD, (0.02 over SD) cdot 100",5537.065773318629,5539.283746221459,5542.814287103336
"JSD, SD=100    gaussian_noise_sigma    lambda SD, (0.05 over SD) cdot 100",5542.183270157249,5539.782225891752,5540.449059943552
"JSD, SD=100    gaussian_noise_sigma    lambda SD, (0.1 over SD) cdot 100",5550.839923692567,5542.647681238657,5545.000517960772
"JSD, SD=100    gaussian_noise_sigma    lambda SD, (0.2 over SD) cdot 100",5540.463071078739,5544.936206294032,5541.361773945749
"JSD, SD=100    missing_entry    0.001",19.951137138656918,19.951137138656918,19.951137138656918
"JSD, SD=100    missing_entry    0.005",99.75568569328459,99.75568569328459,99.75568569328459
"JSD, SD=100    missing_entry    0.01",199.51137138656918,199.51137138656918,199.51137138656918
"JSD, SD=100    missing_entry    0.05",997.5568569328459,997.5568569328459,997.5568569328459
"JSD, SD=100    missing_entry    0.1",1995.1137138656918,1995.1137138656918,1995.1137138656918
"JSD, SD=100    missing_entry    0.5",9975.56856932846,9975.56856932846,9975.568569328458
"JSD, SD=100    missing_entry_combined    0.001",5559.269260302923,5554.28541187466,5556.5425083712025
"JSD, SD=100    missing_entry_combined    0.005",5612.953754226608,5619.084490979996,5613.522957346284
"JSD, SD=100    missing_entry_combined    0.01",5686.809402796012,5684.282362582882,5690.274377213088
"JSD, SD=100    missing_entry_combined    0.05",6263.434888660564,6267.602187045008,6265.150238030508
"JSD, SD=100    missing_entry_combined    0.1",6980.032108489639,6979.408542091511,6988.435775765238
"JSD, SD=100    missing_entry_combined    0.5",12748.280143562675,12746.957162461353,12748.161934290581
"JSD, SD=100    missing_entry_no_denoising    0.001",19.951137138656918,19.951137138656918,19.951137138656918
"JSD, SD=100    missing_entry_no_denoising    0.005",99.75568569328459,99.75568569328459,99.75568569328459
"JSD, SD=100    missing_entry_no_denoising    0.01",199.51137138656918,199.51137138656918,199.51137138656918
"JSD, SD=100    missing_entry_no_denoising    0.05",997.5568569328459,997.5568569328459,997.5568569328459
"JSD, SD=100    missing_entry_no_denoising    0.1",1995.113713865692,1995.1137138656918,1995.1137138656918
"JSD, SD=100    missing_entry_no_denoising    0.5",9975.56856932846,9975.568569328458,9975.56856932846
"JSD, SD=100    rows    100",55.12178965076754,54.92343954448562,55.666513279030525
"JSD, SD=100    rows    1000",554.1051205412949,554.7224262392364,552.8603811195433
"JSD, SD=100    rows    100000",55441.03342170033,55421.72653228276,55432.99690304567
"JSD, SD=100    rows    1000000",554291.7744633483,554401.4238942781,554354.7034490828
"Wassersteinu, SD=100    activation_types    ['relu']",5544.89723042397,5544.382563893657,5539.082044066295
"Wassersteinu, SD=100    activation_types    ['relu', 'relu', 'relu', 'relu', 'relu']",5543.053045650341,5546.238023377169,5546.161106318659
"Wassersteinu, SD=100    activation_types    ['sin', 'cos', 'linear']",5542.125443655733,5541.948472979579,5537.83986118146
"Wassersteinu, SD=100    activation_types    ['sin', 'cos', 'linear', 'relu', 'sigmoid']",5538.005633394191,5546.240948497505,5540.617745103118
"Wassersteinu, SD=100    input_layer_type    dense",5540.176004935454,5544.121538350882,5547.876964740936
"Wassersteinu, SD=100    input_layer_type    gaussian_dropout",5541.64645493623,5549.680624756986,5542.825770716667
"Wassersteinu, SD=100    input_layer_type    sqrt_softmax",5540.735044913565,5545.973988069899,5549.567515307169
"Wassersteinu, SD=100    input_layer_type    gaussian_kernel",5542.702852750381,5544.122716312491,5545.542384816668
"Wassersteinu, SD=100    input_layer_type    CNN",5541.796735399671,5546.086320760764,5548.31829223428
"Wassersteinu, SD=100    input_layer_type    VAE",5546.047706061369,5541.569828399699,5546.472645168809
"Wassersteinu, SD=100    encoding_dim    2",5547.725857261676,5544.564243904193,5541.219128176908
"Wassersteinu, SD=100    encoding_dim    3",5544.009223731081,5544.241238871939,5539.550232640473
"Wassersteinu, SD=100    encoding_dim    6",5546.6983664807085,5543.736134522511,5544.919417380536
"Wassersteinu, SD=100    hidden_layers    5",5541.675028106266,5545.128923546341,5547.4018175018045
"Wassersteinu, SD=100    hidden_layers    7",5544.726209663565,5540.8818063037415,5540.961444798217
"Wassersteinu, SD=100    hidden_layers    9",5538.478691150936,5547.809592561111,5548.387125202806
"Wassersteinu, SD=100    hidden_layers    27",5538.7243039565565,5545.241737540407,5541.906428410159
"Wassersteinu, SD=100    activity_regularizer    ",5544.241892204569,5539.134409080866,5542.427231910951
"Wassersteinu, SD=100    activity_regularizer    L2, 0.01",5544.324756658011,5541.306074194971,5548.216922211661
"Wassersteinu, SD=100    activity_regularizer    L1, 0.01",5546.95446854144,5545.1788657479065,5543.634832983295
"Wassersteinu, SD=100    activity_regularizer    L1, 10^-4",5547.434450188406,5540.595044827161,5539.677445249479
"Wassersteinu, SD=100    sigma    0.005",1825.2862504951463,1824.0875738270788,1823.4946772403373
"Wassersteinu, SD=100    sigma    0.01",3296.475255482711,3295.6539960462806,3293.9862179039287
"Wassersteinu, SD=100    sigma    0.05",9536.542927257811,9525.977966632418,9529.424979866495
"Wassersteinu, SD=100    sigma    0.1",12750.061835588429,12755.442107561841,12744.795323176602
"Wassersteinu, SD=100    sigma    0.2",15570.503192255794,15570.356088012075,15564.487795096384
"Wassersteinu, SD=100    BN_size    2",3692.003086653137,3698.4442000068198,3691.1481395716028
"Wassersteinu, SD=100    BN_size    4",7389.367875771355,7391.772260119218,7391.745843950499
"Wassersteinu, SD=100    BN_size    5",9240.649039427484,9241.328535913357,9235.558802382431
"Wassersteinu, SD=100    BN_size    10",18472.153366746465,18488.8948758198,18489.177230989175
"Wassersteinu, SD=100    BN_size    20",36966.01072242193,36957.057889080825,36970.89994636597
"Wassersteinu, SD=100    BN_size    30",55433.82004830506,55411.98696918317,55446.565424799715
"Wassersteinu, SD=100    sampling_density    4",5173.881830041251,5196.548074093002,5145.899398997182
"Wassersteinu, SD=100    sampling_density    15",5370.41900712186,5373.318504502001,5377.5952125946405
"Wassersteinu, SD=100    sampling_density    25",5457.320441183857,5454.831049796804,5455.508253681224
"Wassersteinu, SD=100    sampling_density    50",5505.499755602231,5517.995695489744,5514.413668036599
"Wassersteinu, SD=100    sampling_density    150",5556.157040413613,5550.637063854549,5555.72553410252
"Wassersteinu, SD=100    sampling_density    300",5557.960376171706,5560.856651795151,5565.781340597119
"Wassersteinu, SD=100    gaussian_noise_sigma    lambda SD, 0.01",5546.639823830862,5538.927872351344,5541.098146086312
"Wassersteinu, SD=100    gaussian_noise_sigma    lambda SD, 0.02",5536.450556356185,5545.531787094073,5545.707547608848
"Wassersteinu, SD=100    gaussian_noise_sigma    lambda SD, 0.05",5544.419846069464,5540.449951577223,5539.251087133489
"Wassersteinu, SD=100    gaussian_noise_sigma    lambda SD, 0.1",5543.310373162138,5550.904949382281,5545.05007434364
"Wassersteinu, SD=100    gaussian_noise_sigma    lambda SD, 0.2",5544.178212050992,5546.553078418219,5545.068439544319
"Wassersteinu, SD=100    gaussian_noise_sigma    lambda SD, (0.01 over SD) cdot 100",5541.24493014363,5547.868598837712,5543.155619395017
"Wassersteinu, SD=100    gaussian_noise_sigma    lambda SD, (0.02 over SD) cdot 100",5547.123389666178,5542.303185674843,5546.187629292405
"Wassersteinu, SD=100    gaussian_noise_sigma    lambda SD, (0.05 over SD) cdot 100",5544.77207979257,5542.716275315716,5548.50538001341
"Wassersteinu, SD=100    gaussian_noise_sigma    lambda SD, (0.1 over SD) cdot 100",5545.014858195986,5542.111540518264,5544.092777472888
"Wassersteinu, SD=100    gaussian_noise_sigma    lambda SD, (0.2 over SD) cdot 100",5546.889730177964,5541.034981671776,5537.124498016987
"Wassersteinu, SD=100    missing_entry    0.001",19.951137138656918,19.951137138656918,19.951137138656918
"Wassersteinu, SD=100    missing_entry    0.005",99.75568569328459,99.75568569328459,99.75568569328459
"Wassersteinu, SD=100    missing_entry    0.01",199.51137138656918,199.51137138656918,199.51137138656918
"Wassersteinu, SD=100    missing_entry    0.05",997.5568569328459,997.5568569328459,997.5568569328459
"Wassersteinu, SD=100    missing_entry    0.1",1995.1137138656918,1995.1137138656918,1995.1137138656918
"Wassersteinu, SD=100    missing_entry    0.5",9975.56856932846,9975.568569328458,9975.56856932846
"Wassersteinu, SD=100    missing_entry_combined    0.001",5558.14945055049,5561.955681677874,5553.215012615914
"Wassersteinu, SD=100    missing_entry_combined    0.005",5619.743920171928,5616.298680937787,5617.313941820729
"Wassersteinu, SD=100    missing_entry_combined    0.01",5683.593160123366,5688.3251999079475,5686.198148836667
"Wassersteinu, SD=100    missing_entry_combined    0.05",6270.1355486770335,6264.186240569488,6263.929159375831
"Wassersteinu, SD=100    missing_entry_combined    0.1",6983.797674772293,6984.211048614601,6984.782101296528
"Wassersteinu, SD=100    missing_entry_combined    0.5",12746.542853960724,12746.151077373275,12749.113553958443
"Wassersteinu, SD=100    missing_entry_no_denoising    0.001",19.951137138656918,19.951137138656918,19.951137138656918
"Wassersteinu, SD=100    missing_entry_no_denoising    0.005",99.75568569328459,99.75568569328459,99.75568569328459
"Wassersteinu, SD=100    missing_entry_no_denoising    0.01",199.51137138656918,199.51137138656918,199.51137138656918
"Wassersteinu, SD=100    missing_entry_no_denoising    0.05",997.5568569328459,997.5568569328459,997.5568569328459
"Wassersteinu, SD=100    missing_entry_no_denoising    0.1",1995.1137138656918,1995.1137138656918,1995.1137138656918
"Wassersteinu, SD=100    missing_entry_no_denoising    0.5",9975.568569328458,9975.56856932846,9975.568569328458
"Wassersteinu, SD=100    rows    100",55.43375604104931,55.1236958127539,56.080131873607286
"Wassersteinu, SD=100    rows    1000",555.2305973846121,553.7130929025725,554.9456078619912
"Wassersteinu, SD=100    rows    100000",55448.09304176428,55444.17912293576,55433.417679335544
"Wassersteinu, SD=100    rows    1000000",554289.9894926823,554326.3299756481,554312.7798364575
"JSDu, SD=100    activation_types    ['relu']",5545.904563816981,5544.378169126394,5540.48996561916
"JSDu, SD=100    activation_types    ['relu', 'relu', 'relu', 'relu', 'relu']",5541.8320872117165,5542.034206321027,5541.969182079096
"JSDu, SD=100    activation_types    ['sin', 'cos', 'linear']",5541.293028133825,5543.047393729827,5546.676015810735
"JSDu, SD=100    activation_types    ['sin', 'cos', 'linear', 'relu', 'sigmoid']",5547.776000241596,5546.776801600955,5541.103397158744
"JSDu, SD=100    input_layer_type    dense",5542.502583406955,5539.500237627925,5539.61740440184
"JSDu, SD=100    input_layer_type    gaussian_dropout",5538.2948733754765,5539.037904359795,5546.213963070007
"JSDu, SD=100    input_layer_type    sqrt_softmax",5544.648066649651,5550.215922751937,5550.581377903811
"JSDu, SD=100    input_layer_type    gaussian_kernel",5545.589485984176,5548.052287765422,5543.189296434421
"JSDu, SD=100    input_layer_type    CNN",5543.9455136051565,5547.0660385509855,5539.641468784801
"JSDu, SD=100    input_layer_type    VAE",5548.529028144276,5543.348221675633,5541.719600022461
"JSDu, SD=100    encoding_dim    2",5541.756241321675,5541.877776743292,5547.277197209205
"JSDu, SD=100    encoding_dim    3",5541.820728839895,5543.074049157669,5544.831537525259
"JSDu, SD=100    encoding_dim    6",5543.373960783205,5554.239167589323,5541.979601635532
"JSDu, SD=100    hidden_layers    5",5546.285358612084,5542.357167585157,5546.268836604876
"JSDu, SD=100    hidden_layers    7",5548.954702048255,5549.123949948931,5542.577876306121
"JSDu, SD=100    hidden_layers    9",5545.69443727002,5545.148220169118,5539.095700301143
"JSDu, SD=100    hidden_layers    27",5544.956021016418,5547.9575474186995,5542.623446987545
"JSDu, SD=100    activity_regularizer    ",5540.057675267013,5540.234019108882,5542.261990248666
"JSDu, SD=100    activity_regularizer    L2, 0.01",5541.9416391408595,5541.034873626464,5545.459984876781
"JSDu, SD=100    activity_regularizer    L1, 0.01",5541.433544277797,5537.412563553682,5541.338326239657
"JSDu, SD=100    activity_regularizer    L1, 10^-4",5542.471179593498,5541.467076558144,5539.756409723218
"JSDu, SD=100    sigma    0.005",1824.3321404024105,1824.4030578425284,1824.7787377901968
"JSDu, SD=100    sigma    0.01",3296.1992818658755,3295.0802170745574,3296.0955092665595
"JSDu, SD=100    sigma    0.05",9531.32650230583,9528.156652603493,9526.914036809283
"JSDu, SD=100    sigma    0.1",12752.179857873796,12751.168238519003,12749.308163194186
"JSDu, SD=100    sigma    0.2",15577.838641037008,15584.442414358226,15574.71934421667
"JSDu, SD=100    BN_size    2",3700.8218652081073,3691.1412911447687,3696.9367561918343
"JSDu, SD=100    BN_size    4",7385.160707464936,7387.181519443062,7396.050704051867
"JSDu, SD=100    BN_size    5",9240.212129991118,9234.819265471344,9236.921330625582
"JSDu, SD=100    BN_size    10",18475.140898862388,18485.00990382419,18472.415390649985
"JSDu, SD=100    BN_size    20",36965.233287586176,36965.10219143813,36965.05975438037
"JSDu, SD=100    BN_size    30",55436.5445561476,55443.40895152652,55417.33913740674
"JSDu, SD=100    gaussian_noise_sigma    lambda SD, 0.01",5543.829248359001,5544.5790616334625,5538.026607799121
"JSDu, SD=100    gaussian_noise_sigma    lambda SD, 0.02",5541.362710943807,5545.881058799385,5540.171536190736
"JSDu, SD=100    gaussian_noise_sigma    lambda SD, 0.05",5544.303090860936,5542.07972018406,5543.661007686631
"JSDu, SD=100    gaussian_noise_sigma    lambda SD, 0.1",5545.228089113275,5547.198684557467,5547.35872144451
"JSDu, SD=100    gaussian_noise_sigma    lambda SD, 0.2",5546.23442629745,5545.702473861862,5542.173699169296
"JSDu, SD=100    gaussian_noise_sigma    lambda SD, (0.01 over SD) cdot 100",5540.678987934081,5542.255529577263,5536.683623246528
"JSDu, SD=100    gaussian_noise_sigma    lambda SD, (0.02 over SD) cdot 100",5544.880132562781,5545.6798527885585,5535.35838369273
"JSDu, SD=100    gaussian_noise_sigma    lambda SD, (0.05 over SD) cdot 100",5545.162484548606,5541.132715435278,5538.152749300796
"JSDu, SD=100    gaussian_noise_sigma    lambda SD, (0.1 over SD) cdot 100",5543.738740567243,5542.936708521681,5538.802388893435
"JSDu, SD=100    gaussian_noise_sigma    lambda SD, (0.2 over SD) cdot 100",5540.169902370555,5541.693727138791,5546.014802745469
"JSDu, SD=100    missing_entry    0.001",19.951137138656918,19.951137138656918,19.951137138656918
"JSDu, SD=100    missing_entry    0.005",99.75568569328459,99.75568569328459,99.75568569328459
"JSDu, SD=100    missing_entry    0.01",199.51137138656918,199.51137138656918,199.51137138656918
"JSDu, SD=100    missing_entry    0.05",997.5568569328459,997.5568569328459,997.5568569328459
"JSDu, SD=100    missing_entry    0.1",1995.1137138656916,1995.1137138656916,1995.1137138656918
"JSDu, SD=100    missing_entry    0.5",9975.56856932846,9975.56856932846,9975.56856932846
"JSDu, SD=100    missing_entry_combined    0.001",5557.7419671433345,5555.216243506097,5557.654021870956
"JSDu, SD=100    missing_entry_combined    0.005",5619.21392741136,5614.44864808479,5618.735781484122
"JSDu, SD=100    missing_entry_combined    0.01",5687.355396949175,5683.946664054532,5686.535775775445
"JSDu, SD=100    missing_entry_combined    0.05",6266.313000021732,6264.632664383946,6266.028419167007
"JSDu, SD=100    missing_entry_combined    0.1",6977.8203199406635,6987.769736112656,6987.081113571108
"JSDu, SD=100    missing_entry_combined    0.5",12748.120243710335,12750.453683500396,12750.676633261945
"JSDu, SD=100    missing_entry_no_denoising    0.001",19.951137138656918,19.951137138656918,19.951137138656918
"JSDu, SD=100    missing_entry_no_denoising    0.005",99.75568569328459,99.75568569328459,99.75568569328459
"JSDu, SD=100    missing_entry_no_denoising    0.01",199.51137138656918,199.51137138656918,199.51137138656918
"JSDu, SD=100    missing_entry_no_denoising    0.05",997.5568569328459,997.5568569328459,997.5568569328459
"JSDu, SD=100    missing_entry_no_denoising    0.1",1995.1137138656918,1995.1137138656918,1995.1137138656918
"JSDu, SD=100    missing_entry_no_denoising    0.5",9975.56856932846,9975.56856932846,9975.56856932846
"JSDu, SD=100    rows    100",55.339385721837616,55.505978390382964,55.56452826937098
"JSDu, SD=100    rows    1000",553.2992850549863,553.4031420290589,553.3725458118
"JSDu, SD=100    rows    100000",55452.211390820004,55445.337860869506,55435.001266659325
"JSDu, SD=100    rows    1000000",554340.1952219319,554395.0138081402
